[-0.20012152 -0.07310521 -0.32596402]
[-0.20011841 -0.07437715 -0.32606479]
[-0.20009967 -0.07377638 -0.32594548]
[-0.19992828 -0.07007436 -0.32609817]
[-0.19965763 -0.06619326 -0.32627396]
[-0.1991177  -0.08070005 -0.32754229]
[-0.19854927 -0.06331003 -0.32656135]
[-0.1967822  -0.08614622 -0.32908781]
[-0.19621235 -0.08762957 -0.32949649]
[-0.19609611 -0.08779573 -0.32955197]
[-0.19558644 -0.05587827 -0.32732044]
[-0.19549265 -0.08848958 -0.32947519]
[-0.19443556 -0.0542444  -0.32757365]
[-0.19185895 -0.0925319  -0.32902871]
[-0.19104938 -0.04886525 -0.33060868]
[-0.19057773 -0.04828893 -0.33097436]
[-0.1899334  -0.04786725 -0.33135327]
[-0.18590377 -0.09983827 -0.32821754]
[-0.18588131 -0.09986603 -0.32821582]
[-0.18462191 -0.10185423 -0.3280786 ]
[-0.18354738 -0.04380682 -0.33506952]
[-0.18100288 -0.10522601 -0.32790592]
[-0.17582787 -0.04134778 -0.3387536 ]
[-0.17428625 -0.0407951  -0.33886361]
[-0.17289406 -0.04036529 -0.33894698]
[-0.17175625 -0.04021005 -0.33896992]
[-0.16910398 -0.11856315 -0.32712509]
[-0.16785715 -0.07209787 -0.33157349]
[-0.16558675 -0.11903346 -0.32722291]
[-0.16321178 -0.11933044 -0.3274154 ]
[-0.15986039 -0.03889673 -0.33913832]
[-0.15427207 -0.03919709 -0.33900592]
[-0.15371713 -0.03920577 -0.33899765]
[-0.15073005 -0.11353583 -0.32914202]
[-0.14522781 -0.1103673  -0.32996285]
[-0.14415846 -0.03914341 -0.33807324]
[-0.14212652 -0.10894824 -0.33384034]
[-0.1392767  -0.10764425 -0.33740341]
[-0.13872997 -0.10675396 -0.33848065]
[-0.13842464 -0.10585397 -0.33932999]
[-0.13653783 -0.0406227  -0.33692643]
[-0.13592669 -0.10397889 -0.34290335]
[-0.13390757 -0.09833554 -0.34263494]
[-0.12682952 -0.04331967 -0.33524768]
[-0.12547301 -0.04391787 -0.33564606]
[-0.12425889 -0.08629584 -0.34327177]
[-0.12155223 -0.0827848  -0.34343323]
[-0.12013975 -0.08101699 -0.34342088]
[-0.11700418 -0.05250584 -0.33900036]
[-0.11217876 -0.05926943 -0.34124577]
[-0.1079328  -0.06522502 -0.3432223 ]