[-0.20012152 -0.07310521 -0.32596402]
[-0.20011841 -0.07437715 -0.32606479]
[-0.20009967 -0.07377638 -0.32594548]
[-0.19992828 -0.07007436 -0.32609817]
[-0.19965763 -0.06619326 -0.32627396]
[-0.1991177  -0.08070005 -0.32754229]
[-0.19854927 -0.06331003 -0.32656135]
[-0.1967822  -0.08614622 -0.32908781]
[-0.19621235 -0.08762957 -0.32949649]
[-0.19609611 -0.08779573 -0.32955197]
[-0.19558644 -0.05587827 -0.32732044]
[-0.19549265 -0.08848958 -0.32947519]
[-0.19443556 -0.0542444  -0.32757365]
[-0.19185895 -0.0925319  -0.32902871]
[-0.19104938 -0.04886525 -0.33060868]
[-0.19057773 -0.04828893 -0.33097436]
[-0.19018832 -0.11517711 -0.123196  ]
[-0.1899334  -0.04786725 -0.33135327]
[-0.18989796 -0.10767011 -0.1115566 ]
[-0.18988966 -0.11602617 -0.12428047]
[-0.18980145 -0.10347962 -0.10510526]
[-0.18921954 -0.13579828 -0.11621528]
[-0.18916725 -0.09827325 -0.10308459]
[-0.18913301 -0.13333362 -0.11718498]
[-0.1887662  -0.13806172 -0.11521305]
[-0.18716665 -0.09216939 -0.10060869]
[-0.18590377 -0.09983827 -0.32821754]
[-0.18588131 -0.09986603 -0.32821582]
[-0.18462191 -0.10185423 -0.3280786 ]
[-0.18354738 -0.04380682 -0.33506952]
[-0.18204342 -0.07699026 -0.09443901]
[-0.18111261 -0.15341806 -0.11919764]
[-0.18100288 -0.10522601 -0.32790592]
[-0.18053951 -0.07246602 -0.08894494]
[-0.1804951  -0.15495578 -0.11960303]
[-0.17999578 -0.0707649  -0.08686242]
[-0.1783141  -0.06568906 -0.08408746]
[-0.17792206 -0.15822042 -0.12040952]
[-0.17582787 -0.04134778 -0.3387536 ]
[-0.17581785 -0.05964928 -0.0810402 ]
[-0.17576031 -0.16053065 -0.12146659]
[-0.17428625 -0.0407951  -0.33886361]
[-0.17289406 -0.04036529 -0.33894698]
[-0.17175625 -0.04021005 -0.33896992]
[-0.16956204 -0.0672204  -0.08968689]
[-0.16910398 -0.11856315 -0.32712509]
[-0.16887807 -0.04276463 -0.05339738]
[-0.16785715 -0.07209787 -0.33157349]
[-0.16693272 -0.03804334 -0.04806565]
[-0.16607002 -0.03578588 -0.0455469 ]
[-0.16558675 -0.11903346 -0.32722291]
[-0.16521508 -0.03327367 -0.03151522]
[-0.16482595 -0.03274453 -0.04211644]
[-0.16321178 -0.11933044 -0.3274154 ]
[-0.16141183 -0.17752547 -0.12914067]
[-0.15986039 -0.03889673 -0.33913832]
[-0.15898514 -0.01849045 -0.0266991 ]
[-0.15839264 -0.01708094 -0.02623893]
[-0.15800703 -0.18168278 -0.13101101]
[-0.15638172 -0.01218983 -0.02152149]
[-0.15564388 -0.01052213 -0.01989652]
[-0.15427207 -0.03919709 -0.33900592]
[-0.15371713 -0.03920577 -0.33899765]
[-0.15262538 -0.04113203 -0.04448959]
[-0.15190139 -0.18576352 -0.13302835]
[-0.15160286 -0.00539428  0.06242632]
[-0.15073005 -0.11353583 -0.32914202]
[-0.15072194 -0.00193135  0.05236697]
[-0.15042444 -0.00086408  0.04926037]
[-0.15014159 -0.18705188 -0.13365423]
[-0.15003616 -0.002939    0.06850894]
[-0.1496099   0.00167083  0.04185564]
[-0.14855243  0.00522846  0.02223477]
[-0.14851455  0.00532279  0.0186126 ]
[-0.1483731   0.00503453  0.03199211]
[-0.14826893 -0.18791051 -0.13497996]
[-0.1475156  -0.18882487 -0.1347807 ]
[-0.14732268 -0.18931461 -0.13440059]
[-0.14722533 -0.18823374 -0.13431385]
[-0.1470141   0.00871392  0.00751607]
[-0.14695245 -0.00054752  0.07641121]
[-0.14614641  0.01074608  0.00085451]
[-0.14540278  0.00065394  0.0803818 ]
[-0.14522781 -0.1103673  -0.32996285]
[-0.14520798 -0.12740738 -0.11035144]
[-0.14494549  0.00075685  0.08113397]
[-0.14488828 -0.04159284 -0.34716847]
[-0.14403005 -0.00071814  0.0843275 ]
[-0.14355639 -0.04227913 -0.34845139]
[-0.14212652 -0.10894824 -0.33384034]
[-0.14211524 -0.00334231  0.08935653]
[-0.14173589 -0.04352483 -0.35025241]
[-0.1392767  -0.10764425 -0.33740341]
[-0.13873235 -0.00672814  0.09376449]
[-0.13872997 -0.10675396 -0.33848065]
[-0.13842464 -0.10585397 -0.33932999]
[-0.1364419  -0.00767014  0.09618578]
[-0.13642446 -0.00767737  0.09620315]
[-0.13634771 -0.00771116  0.09624417]
[-0.13592669 -0.10397889 -0.34290335]
[-0.13390757 -0.09833554 -0.34263494]
[-0.13100653 -0.04850247 -0.36050235]
[-0.12993257 -0.20924531 -0.13131599]
[-0.12967526 -0.04883704 -0.36018934]
[-0.12684024 -0.01190089  0.10126295]
[-0.12671433 -0.01208288  0.10135302]
[-0.12511552 -0.21460962 -0.13066304]
[-0.12425889 -0.08629584 -0.34327177]
[-0.12301618 -0.01704795  0.10249354]
[-0.12268234  0.01108695  0.00855254]
[-0.12155223 -0.0827848  -0.34343323]
[-0.12038083 -0.01586189  0.0846142 ]
[-0.12004752 -0.2186288  -0.12982864]
[-0.1192673  -0.07876043 -0.34515924]
[-0.11880252 -0.05729286 -0.35108445]
[-0.11835705 -0.05760888 -0.35074623]
[-0.11735571 -0.02466714  0.10431667]
[-0.117324   -0.2209684  -0.12939655]
[-0.11176508 -0.0245011   0.10545568]
[-0.11173925 -0.06524097 -0.35091117]
[-0.10512202  0.10233432 -0.14492936]
[-0.10510713  0.09721223  0.0106691 ]
[-0.10506386  0.102967   -0.14242645]
[-0.10451766  0.09730381  0.02091496]
[-0.10399441  0.09268545 -0.17271895]
[-0.1039616   0.09748058  0.03257407]
[-0.10375454 -0.22495787 -0.13598659]
[-0.103734   -0.02387103  0.10625177]
[-0.10370211  0.0978898   0.03395305]
[-0.10368195  0.10757503 -0.13724989]
[-0.10365327  0.09945489 -0.15689809]
[-0.10358696  0.10788062 -0.13695216]
[-0.10353962  0.09861936 -0.15875318]
[-0.10351957  0.08756255 -0.1842322 ]
[-0.1028965   0.11095766 -0.1145358 ]
[-0.10229894  0.10438679 -0.00129268]
[-0.10228587  0.09937146  0.0393181 ]
[-0.10225676  0.08463136 -0.1901985 ]
[-0.10208918  0.11339657 -0.1087182 ]
[-0.10194618  0.1056655  -0.00619966]
[-0.10124406  0.11436645 -0.13048697]
[-0.10070467 -0.23126542 -0.13129774]
[-0.10045937  0.10108024  0.04565633]
[-0.10026658  0.11746607 -0.09928181]
[-0.09982892  0.08173507 -0.19893267]
[-0.09974257  0.11287867 -0.04014332]
[-0.09963205  0.11296676 -0.03766529]
[-0.09952004  0.11303424 -0.03559492]
[-0.09840661  0.07949091 -0.20623685]
[-0.09827694  0.11629408 -0.04576545]
[-0.09783418  0.12152218 -0.09022699]
[-0.0974107   0.11220718 -0.03906551]
[-0.09721796  0.11903986 -0.05028405]
[-0.09690894  0.07799096 -0.21047913]
[-0.09643901  0.0777054  -0.21163823]
[-0.09603542 -0.02323822  0.10695305]
[-0.09503973  0.10653119  0.0655575 ]
[-0.09453258  0.10655643  0.06911079]
[-0.09265814  0.13046652 -0.07015286]
[-0.0925986   0.13049535 -0.06913794]
[-0.09240243  0.1309747  -0.06986305]
[-0.09222378  0.10661641  0.07630692]
[-0.09219587 -0.20048184 -0.12159207]
[-0.09201484  0.13080393 -0.06965064]
[-0.09132354 -0.24779077 -0.11707592]
[-0.09126771 -0.24787948 -0.11700318]
[-0.09109015  0.10663787  0.07853201]
[-0.09100784  0.10667659 -0.13232177]
[-0.08766748  0.07344614 -0.22579741]
[-0.08758952  0.07337055 -0.22595207]
[-0.0874193   0.10568661  0.08660671]
[-0.08727242  0.07307794 -0.22653015]
[-0.08708644 -0.25485594 -0.11153147]
[-0.08694784  0.10437819  0.08865439]
[-0.08612467 -0.02813055  0.10796922]
[-0.08602213  0.10289152  0.09062285]
[-0.08595166  0.08511449  0.01108373]
[-0.0829202  -0.26228692 -0.10604412]
[-0.07997745  0.10671051  0.07783142]
[-0.07979875  0.09600802  0.09795816]
[-0.07864538  0.09465544  0.09946332]
[-0.07832586  0.09437655  0.09969865]
[-0.07780643 -0.27011    -0.09940432]
[-0.07719859  0.0934848   0.10035411]
[-0.07524146  0.06461983 -0.23938325]
[-0.0738333   0.09070291  0.10253785]
[-0.07338872  0.06347425 -0.24082357]
[-0.07242414 -0.2743063  -0.09704035]
[-0.07134197  0.06232142 -0.24202763]
[-0.07034805  0.08610699  0.10507623]
[-0.06839555  0.06455051 -0.24213048]
[-0.06791856 -0.03750308  0.10818879]
[-0.06545671 -0.03878435  0.10815902]
[-0.06493446 -0.28037847 -0.09389573]
[-0.064266    0.07880397  0.10767034]
[-0.06411171 -0.28090649 -0.09346374]
[-0.06349372 -0.26473858 -0.08282719]
[-0.05919608 -0.04174734  0.10809606]
[-0.05761169  0.07082314  0.1104847 ]
[-0.05750428  0.07312741 -0.24563673]
[-0.05701899 -0.05793924 -0.06378165]
[-0.05681368 -0.28661854 -0.08840011]
[-0.056243    0.06931025  0.1107343 ]
[-0.05513631  0.07096206 -0.24694604]
[-0.05513388  0.06950699 -0.19552953]
[-0.05121637  0.06581919  0.11173018]
[-0.05110884 -0.05170843  0.08465772]
[-0.05106867 -0.29090308 -0.08428406]
[-0.04933593 -0.04657792  0.10737233]
[-0.049039   -0.29177526 -0.08243664]
[-0.04401431  0.06080657 -0.25362154]
[-0.0428173   0.0597166  -0.25444709]
[-0.04277523  0.06113655  0.09601095]
[-0.04167239  0.05865211 -0.25445904]
[-0.04122438  0.05884408  0.11423358]
[-0.04068421 -0.05636756  0.10626546]
[-0.03920843  0.05634059 -0.25375506]
[-0.03749112 -0.29383347 -0.07686165]
[-0.03733838  0.09112622 -0.07195456]
[-0.03731667 -0.060127    0.10599867]
[-0.03727234  0.05612473  0.11464221]
[-0.03667292 -0.29396893 -0.07646385]
[-0.03522599 -0.29371743 -0.07562812]
[-0.03247373  0.0502656   0.11498243]
[-0.03116615  0.0488366  -0.25289874]
[-0.02924493 -0.19633979 -0.03638446]
[-0.02724635  0.04389911  0.11552586]
[-0.02403238 -0.2914813  -0.0690846 ]
[-0.02371566 -0.06106835  0.10532701]
[-0.02308467 -0.06111447  0.10530305]
[-0.0223405  -0.06144932  0.10525095]
[-0.02233371 -0.06145236  0.10525054]
[-0.02233236 -0.06145297  0.10525046]
[-0.0216392  -0.28991671 -0.06739298]
[-0.02143504  0.04122383  0.11639845]
[-0.01821788 -0.2874991  -0.066752  ]
[-0.01497089  0.02470315  0.07144022]
[-0.01495397 -0.21730246 -0.32800241]
[-0.0136607  -0.21452188 -0.32818916]
[-0.01264893 -0.2833175  -0.06574285]
[-0.01236992 -0.21897385 -0.32709353]
[-0.01058053  0.03572701  0.11633334]
[-0.01001046 -0.20749685 -0.32857025]
[-0.0091296  -0.22106419 -0.32595481]
[-0.00881065 -0.27862349 -0.06529857]
[-0.00855395 -0.20416638 -0.32881586]
[-0.00664125 -0.20026524 -0.32905458]
[-0.00620358 -0.27463557 -0.0651077 ]
[-0.0057471  -0.1980978  -0.32922716]
[-0.00566409 -0.27123593 -0.05729878]
[-0.00557848 -0.26606073 -0.04591705]
[-0.00497521 -0.26469168 -0.04504055]
[-0.00491821  0.02937121 -0.25073842]
[-0.00481533 -0.22385373 -0.32443755]
[-0.00287956  0.03179067  0.11616339]
[-0.00278222 -0.25913079 -0.04164646]
[-0.00271553 -0.19132547 -0.3271356 ]
[ 2.74303878e-04 -2.26340559e-01 -3.22790225e-01]
[ 0.00113581 -0.18396905 -0.32465998]
[ 0.00141627 -0.22698381 -0.32240549]
[ 0.00154211  0.02401762 -0.25013567]
[ 0.00155657 -0.24962145 -0.03546249]
[ 0.00178986 -0.24913754 -0.03513973]
[ 0.00224255 -0.07268801  0.10227864]
[ 0.00304351 -0.14470119  0.03478646]
[ 0.00370208 -0.17857773 -0.32594555]
[ 0.00461892 -0.24342983 -0.03187109]
[0.00647109 0.03010525 0.11647233]
[ 0.00711717 -0.22935698 -0.31774963]
[ 0.00835485 -0.16867733 -0.32830632]
[ 0.0091739  -0.07935393  0.0767629 ]
[ 0.00939365 -0.23035881 -0.31584996]
[ 0.00964337 -0.16594944 -0.32886902]
[ 0.01102119 -0.0752367   0.10125271]
[ 0.01269206 -0.23177883 -0.02393415]
[ 0.01317625 -0.23113584 -0.31335701]
[ 0.01436879 -0.22938322 -0.02290161]
[ 0.01449525  0.01742836 -0.00406646]
[ 0.01512402 -0.23213859 -0.31362656]
[ 0.01563808  0.01284855 -0.24526339]
[ 0.01699367 -0.0770632   0.10006357]
[ 0.01842965  0.01064792 -0.24422001]
[ 0.0202752  -0.15662239 -0.33082058]
[ 0.02101058  0.01132163 -0.2244428 ]
[ 0.0215614  -0.15524898 -0.33110671]
[ 0.02198352 -0.154816   -0.33126524]
[ 0.02315246 -0.21755755 -0.01759414]
[ 0.02340881 -0.0025216  -0.24035795]
[ 0.02381085 -0.00368413 -0.24028107]
[ 0.02543384 -0.08621717  0.09777349]
[ 0.02717923 -0.21183369 -0.01511856]
[ 0.02756462 -0.21132254 -0.01488677]
[ 0.02974132 -0.23979737 -0.31564022]
[ 0.03016478 -0.23987078 -0.31570875]
[ 0.03100909 -0.09228054  0.09622156]
[ 0.03147494 -0.21282983 -0.31779266]
[ 0.03161879 -0.24022288 -0.31593718]
[0.03199282 0.02540428 0.11683358]
[ 0.03226674 -0.14499798 -0.33491001]
[ 0.03249309 -0.14422152 -0.33515692]
[ 0.03483017 -0.2412591  -0.31642395]
[ 0.03483085 -0.14594835 -0.33480794]
[ 0.03501149 -0.0967927   0.09473134]
[ 0.03558514 -0.09749378  0.09451027]
[ 0.03586334 -0.16537053 -0.32910344]
[ 0.03592187 -0.14736487 -0.33446344]
[0.04079886 0.02268967 0.11173243]
[0.04116832 0.02527981 0.11723808]
[0.04215026 0.02441459 0.11713194]
[ 0.04240709 -0.00780877 -0.2371738 ]
[ 0.04334729 -0.24311695 -0.31600383]
[ 0.04356063 -0.15628388 -0.32986789]
[ 0.04417408 -0.00936628 -0.23686802]
[ 0.04577505 -0.15882026 -0.32855035]
[0.04608415 0.02088401 0.11658438]
[ 0.04621959 -0.15939479 -0.32842814]
[ 0.04629579 -0.00018191 -0.11494954]
[ 0.04655089 -0.18613655 -0.00341364]
[ 0.046589   -0.1860833  -0.00335566]
[ 0.04669504 -0.1823647  -0.00281798]
[0.04775824 0.01926022 0.11612058]
[ 0.04809759 -0.18387046 -0.00104901]
[ 0.0484632  -0.2429838  -0.31580574]
[ 0.04957629 -0.18166623  0.00156639]
[ 0.05023522 -0.11442658  0.09078327]
[ 0.05208435 -0.16712797 -0.32679867]
[0.05221963 0.01494326 0.11488738]
[ 0.05243357 -0.16756312 -0.32665013]
[ 0.05339234 -0.24315732 -0.31560177]
[ 0.05363004 -0.17437014  0.02134808]
[ 0.05657447 -0.1705427   0.03254235]
[ 0.05760811 -0.2417187  -0.31549626]
[ 0.05818342 -0.17544244 -0.32402655]
[ 0.05825782 -0.16863419  0.03833918]
[ 0.05879494 -0.12481159  0.08763476]
[ 0.05881007 -0.02214825 -0.22711542]
[ 0.05905115 -0.1251393   0.08753959]
[ 0.05961696 -0.24103045 -0.31543973]
[ 0.06131272 -0.24027837 -0.31539906]
[ 0.0617453  -0.12866029  0.08638505]
[ 0.06264859 -0.18200182 -0.32187947]
[ 0.06286726 -0.16290907  0.04596353]
[ 0.06306161 -0.18260516 -0.3216745 ]
[ 0.063883   -0.1397788   0.06839284]
[ 0.06396346 -0.13145153  0.08565539]
[ 0.06654429 -0.02672109 -0.22224302]
[ 0.06816479 -0.23323189 -0.31540006]
[ 0.06862053 -0.15589463  0.05535522]
[ 0.06881762 -0.15570545  0.05648673]
[ 0.06903557 -0.13799138  0.0836642 ]
[ 0.0692497  -0.02733286 -0.22066602]
[ 0.06976095 -0.23083469 -0.31543146]
[ 0.06976304 -0.19880884 -0.31670615]
[ 0.07015934 -0.14187762  0.08307002]
[ 0.07018576 -0.14201994  0.08300928]
[ 0.07052666 -0.15449291  0.06546521]
[ 0.0706291  -0.22791338 -0.31551526]
[ 0.07117788 -0.15382293  0.06929136]
[ 0.07141704 -0.0242908   0.05866906]
[ 0.07149167 -0.15350583  0.07129236]
[ 0.07151871 -0.14972282  0.07946535]
[ 0.07190231 -0.15126539  0.07779974]
[ 0.07196505 -0.15094242  0.07875278]
[ 0.07213754 -0.20438318 -0.31498852]
[ 0.07222352 -0.2057989  -0.31461546]
[ 0.07226075 -0.20676864 -0.31464722]
[ 0.07248819 -0.22160915 -0.31515784]
[ 0.07653562 -0.00891024  0.10754581]
[ 0.08041829 -0.02999403 -0.21527202]
[ 0.08087241 -0.02771518 -0.19540878]
[ 0.0853779  -0.03363206 -0.21233676]
[ 0.08668641 -0.02024614  0.10184871]
[ 0.08762556 -0.02189791  0.10016993]
[ 0.08787052 -0.02158084  0.10117913]
[ 0.08883258 -0.0224652   0.10071618]
[ 0.08913665 -0.02275792  0.10054243]
[ 0.09105707 -0.03752165 -0.20690311]
[ 0.09158401 -0.02609174  0.09873349]
[ 0.09241946 -0.03801137 -0.20571428]
[ 0.10170099 -0.04100984 -0.19649466]
[ 0.10352226 -0.04198772  0.0903649 ]
[ 0.1060182  -0.04648942  0.08715085]
[ 0.10662219 -0.06280438 -0.05900241]
[ 0.10855433 -0.05196808  0.08276097]
[ 0.10998498 -0.05833363  0.07621442]
[ 0.11049915 -0.05931496  0.07917456]
[ 0.11087379 -0.05567624  0.08036481]
[ 0.11198653 -0.03655493 -0.18901599]
[ 0.11336388 -0.05994794  0.07768415]
[ 0.11430453 -0.05998088  0.07654416]
[ 0.11652133 -0.03600004 -0.18522258]
[ 0.11691068 -0.06007213  0.07338577]
[ 0.12215737 -0.05964865  0.02281608]
[ 0.12347973 -0.06149028  0.06428032]
[ 0.12355855 -0.0349663  -0.1790678 ]
[ 0.12407709 -0.0616212   0.06350694]
[ 0.12422983 -0.06164522  0.06304609]
[ 0.12967016 -0.06250875  0.04685366]
[ 0.129896   -0.06251308  0.04530471]
[ 0.13058956 -0.06248722  0.03945789]
[ 0.13111768 -0.07227858 -0.04094687]
[ 0.13124067 -0.06524906  0.01810312]
[ 0.13178553 -0.06706652  0.00154918]
[ 0.1317863  -0.06667382  0.00556348]
[ 0.1317999  -0.06696212  0.00240403]
[ 0.13181485 -0.06796678 -0.00525473]
[ 0.13200154 -0.06362239  0.02048611]
[ 0.13285117 -0.07048293 -0.05204702]
[ 0.13401021 -0.05973558  0.02623699]
[ 0.13666985 -0.06727881 -0.07272755]
[ 0.13670212 -0.06724318 -0.07294523]
[ 0.13832858 -0.01828735 -0.14362402]
[ 0.13842915 -0.03044336 -0.16243138]
[ 0.13883917 -0.03023821 -0.16184779]
[ 0.13889082 -0.06466618 -0.08600256]
[ 0.14050671 -0.06141747 -0.10123272]
[ 0.14296809 -0.0564893  -0.10933851]
[ 0.14433583 -0.05147129 -0.11622176]
[ 0.14540367 -0.02306966 -0.15468032]
[ 0.14784641 -0.0418035  -0.13053685]
[ 0.14811859 -0.03906681 -0.1337206 ]
[ 0.14893421 -0.02413204 -0.14807046]
[ 0.15094827 -0.026296   -0.14292415]
[ 0.15120091 -0.02486879 -0.14432756]
[ 0.15125648 -0.02537445 -0.14362493]
[ 0.15134642 -0.02490219 -0.1439601 ]