[-0.26018439 -0.27483187  0.04118771]
[-0.2601071  -0.27208702  0.04188251]
[-0.26001623 -0.28350847  0.0384275 ]
[-0.25996114 -0.28703259  0.03729639]
[-0.25912316 -0.29094791  0.03662914]
[-0.25852937 -0.26448979  0.04504837]
[-0.25736252 -0.25888758  0.04738601]
[-0.25729855 -0.29839986  0.03553349]
[-0.25712845 -0.29916617  0.03543879]
[-0.25427664 -0.2523534   0.0516844 ]
[-0.25272477 -0.30958356  0.035699  ]
[-0.25244749 -0.31016374  0.03573719]
[-0.25204803 -0.31079539  0.03585098]
[-0.2518276  -0.24687325  0.05580741]
[-0.25172554 -0.24660056  0.05599498]
[-0.25152661 -0.2462216   0.05630634]
[-0.24942917 -0.43409368  0.13034323]
[-0.24938772 -0.423184    0.11403573]
[-0.24917804 -0.4332022   0.12809633]
[-0.24908119 -0.43072387  0.12488544]
[-0.24900783 -0.42095668  0.11167671]
[-0.2482034  -0.24142992  0.0609603 ]
[-0.24798788 -0.43471817  0.13673969]
[-0.24721334 -0.23996445  0.06978356]
[-0.24713819 -0.43574152  0.14271237]
[-0.24706821 -0.43563951  0.14424692]
[-0.24645514 -0.43499572  0.14774539]
[-0.24639715 -0.23878277  0.07187483]
[-0.24579706 -0.42108962  0.10509616]
[-0.2446432  -0.42112076  0.10243708]
[-0.24449972 -0.43307699  0.15354394]
[-0.24400125 -0.43258701  0.15505631]
[-0.24387179 -0.32242646  0.03855366]
[-0.24323662 -0.25031006  0.06220964]
[-0.24295325 -0.23591416  0.07836314]
[-0.24214273 -0.23541084  0.08095611]
[-0.24173494 -0.4322043   0.15992004]
[-0.24140709 -0.23488616  0.08338229]
[-0.24067626 -0.23482996  0.08529397]
[-0.23891849 -0.42144589  0.09226266]
[-0.23866699 -0.4214699   0.09198777]
[-0.23757197 -0.43083896  0.16543727]
[-0.23698385 -0.43066116  0.16629455]
[-0.23543275 -0.23200607  0.10160532]
[-0.23511271 -0.42485565  0.14199109]
[-0.23477112 -0.42006866  0.08695245]
[-0.23352582 -0.42983848  0.17113389]
[-0.23276431 -0.34924057  0.04962914]
[-0.23214038 -0.34142195  0.04398246]
[-0.23173877 -0.33638944  0.04034794]
[-0.23095832 -0.23272408  0.11217061]
[-0.23014078 -0.35535526  0.05209811]
[-0.23004707 -0.23269347  0.11451191]
[-0.22877981 -0.41815027  0.08197761]
[-0.22856636 -0.4180799   0.08177667]
[-0.22750438 -0.23138916  0.11818776]
[-0.22637279 -0.42743098  0.17759959]
[-0.22386306 -0.23158458  0.12286235]
[-0.22318745 -0.37721338  0.0589036 ]
[-0.22294113 -0.40001428  0.07025836]
[-0.22293094 -0.37777395  0.05902314]
[-0.22269408 -0.42613634  0.18064106]
[-0.2223385  -0.42607714  0.18088507]
[-0.22056928 -0.23142619  0.12718652]
[-0.21991256 -0.3140188   0.05870457]
[-0.21857193 -0.39057105  0.06307333]
[-0.21780733 -0.38871341  0.0614673 ]
[-0.21607108 -0.23276163  0.13264855]
[-0.21561025 -0.2553483   0.126794  ]
[-0.21471818 -0.23200329  0.13318621]
[-0.21428198 -0.42467385  0.18585659]
[-0.20843994 -0.38341716  0.0714774 ]
[-0.20813888 -0.22994254  0.13537085]
[-0.20792944 -0.42355904  0.18970179]
[-0.20575073 -0.42177723  0.19202007]
[-0.20206969 -0.22974725  0.13693532]
[-0.19456469 -0.41260903  0.20419141]
[-0.19309457 -0.41140015  0.20584441]
[-0.19270371 -0.22972624  0.13927551]
[-0.19222122 -0.22988705  0.13935328]
[-0.19185977 -0.41039603  0.20708088]
[-0.18542697 -0.41139806  0.12943183]
[-0.18440558 -0.40055993  0.21729258]
[-0.18391859 -0.39997593  0.2178226 ]
[-0.18149974 -0.39870169  0.21949498]
[-0.18114615 -0.2343825   0.14160412]
[-0.17688023 -0.39625263  0.22105022]
[-0.1722482  -0.39379422  0.22232372]
[-0.16896893 -0.39203996  0.22176533]
[-0.16834512 -0.23980477  0.14415522]
[-0.16756857 -0.24014514  0.14430742]
[-0.16669498 -0.3908217   0.22118806]
[-0.16455663 -0.24678506  0.1479929 ]
[-0.16309634 -0.38893688  0.22028066]
[-0.16305437 -0.25011466  0.14980509]
[-0.16146812 -0.26061004  0.1415302 ]
[-0.16146007 -0.3879002   0.20750876]
[-0.15943832 -0.36242123  0.21161739]
[-0.15938398 -0.36173802  0.211375  ]
[-0.15907934 -0.3579098   0.20952706]
[-0.1590735  -0.36427513  0.21214531]
[-0.15870706 -0.26801871  0.15986242]
[-0.1586041  -0.36700802  0.21281306]
[-0.15805796 -0.34507322  0.2037659 ]
[-0.15742143 -0.33707619  0.19954196]
[-0.1571222  -0.2790668   0.16620347]
[-0.15681558 -0.37601532  0.21540384]
[-0.15673971 -0.32851506  0.19420021]
[-0.15639487 -0.32268012  0.19059624]
[-0.15622716 -0.26305453  0.15678692]
[-0.15614218 -0.32119601  0.14840343]
[-0.15605992 -0.38164591  0.21710049]
[-0.15589461 -0.31416471  0.18608588]
[-0.15581698 -0.31285212  0.18526116]
[-0.15579018 -0.38510072  0.21778482]
[-0.15542187 -0.29622053  0.17492371]
[-0.1553286  -0.29234408  0.17290333]
[-0.15415986 -0.25897861  0.15432795]