[-0.10510713  0.09721223  0.0106691 ]
[-0.10451766  0.09730381  0.02091496]
[-0.1039616   0.09748058  0.03257407]
[-0.10370211  0.0978898   0.03395305]
[-0.10229894  0.10438679 -0.00129268]
[-0.10228587  0.09937146  0.0393181 ]
[-0.10194618  0.1056655  -0.00619966]
[-0.10045937  0.10108024  0.04565633]
[-0.09974257  0.11287867 -0.04014332]
[-0.09963205  0.11296676 -0.03766529]
[-0.09952004  0.11303424 -0.03559492]
[-0.09870965  0.11499405 -0.03911105]
[-0.09844378  0.11552436 -0.03884861]
[-0.0974107   0.11220718 -0.03906551]
[-0.09503973  0.10653119  0.0655575 ]
[-0.09453258  0.10655643  0.06911079]
[-0.09424295  0.12411571 -0.03737187]
[-0.09222378  0.10661641  0.07630692]
[-0.09109015  0.10663787  0.07853201]
[-0.0874193   0.10568661  0.08660671]
[-0.08694784  0.10437819  0.08865439]
[-0.08602213  0.10289152  0.09062285]
[-0.08595166  0.08511449  0.01108373]
[-0.07997745  0.10671051  0.07783142]
[-0.07981764  0.14997547 -0.03268997]
[-0.07979875  0.09600802  0.09795816]
[-0.07864538  0.09465544  0.09946332]
[-0.07832586  0.09437655  0.09969865]
[-0.07719859  0.0934848   0.10035411]
[-0.07602972  0.15682829 -0.03512914]
[-0.0738333   0.09070291  0.10253785]
[-0.07239565  0.16326851 -0.02956779]
[-0.07034805  0.08610699  0.10507623]
[-0.06779225  0.15508147 -0.03054444]
[-0.06751675  0.17202268 -0.02845106]
[-0.06447878  0.17777592 -0.02771839]
[-0.06436333  0.17799348 -0.02771635]
[-0.064266    0.07880397  0.10767034]
[-0.06132856  0.18247984 -0.02787007]
[-0.05761169  0.07082314  0.1104847 ]
[-0.056243    0.06931025  0.1107343 ]
[-0.05121637  0.06581919  0.11173018]
[-0.04969172  0.2003337  -0.02835   ]
[-0.04277523  0.06113655  0.09601095]
[-0.04146702  0.21368385 -0.02856617]
[-0.04122438  0.05884408  0.11423358]
[-0.03859521  0.21768096 -0.02583809]
[-0.03792739  0.21859017 -0.02521945]
[-0.03733838  0.09112622 -0.07195456]
[-0.03727234  0.05612473  0.11464221]
[-0.03561001  0.22143144 -0.02331625]
[-0.03247373  0.0502656   0.11498243]
[-0.02953675  0.22935283 -0.01795962]
[-0.02724635  0.04389911  0.11552586]
[-0.02642616  0.23221107 -0.00233261]
[-0.02506742  0.23367998  0.0052329 ]
[-0.02478878  0.23443     0.00828999]
[-0.02466674  0.03723811  0.11557943]
[-0.02316611  0.23678587  0.00971675]
[-0.02231385  0.03137663  0.11486892]
[-0.01863285  0.02225599  0.11358206]
[-0.01717548  0.24563115  0.01498066]
[-0.01565203  0.01475391  0.11295255]
[-0.01497089  0.02470315  0.07144022]
[-0.01325596  0.23092132  0.01890442]
[-0.01233864  0.25346023  0.02475895]
[-0.01196541  0.25416836  0.02553325]
[-0.0085701   0.00849149  0.11259585]
[-0.00709939  0.26244013  0.03112708]
[-0.00311088  0.26729929  0.03524269]
[-0.00043483  0.00150218  0.11138194]
[0.00045945 0.27154524 0.03890145]
[ 0.00589611 -0.00621566  0.11008676]
[ 0.00659714  0.20032706 -0.04520141]
[0.00681238 0.28071985 0.06004036]
[ 0.01177606 -0.01338465  0.10889113]
[0.01186869 0.28666671 0.06462333]
[ 0.01449525  0.01742836 -0.00406646]
[ 0.01535226 -0.01771001  0.1078911 ]
[0.01837652 0.2939439  0.07038618]
[0.02267432 0.30067721 0.07488636]
[0.02826481 0.31639758 0.17070526]
[0.02845179 0.31402842 0.17335739]
[0.02886066 0.3108174  0.17683758]
[0.0290716  0.31859134 0.16752856]
[0.02932958 0.31012031 0.17834912]
[0.03064945 0.31286964 0.07663596]
[0.03110614 0.3230123  0.16082609]
[0.03200691 0.32408082 0.15890522]
[0.03279922 0.30671721 0.18370735]
[ 0.03335144 -0.02770493  0.10488424]
[0.03340819 0.32511493 0.14952678]
[0.03392546 0.31871182 0.07716815]
[0.03397195 0.3254456  0.14608838]
[0.03442668 0.30509862 0.18629485]
[0.03602775 0.30388006 0.18759933]
[0.03645432 0.22221154 0.05326949]
[0.03690286 0.32270591 0.08403831]
[0.0369108  0.32539809 0.13510911]
[0.03746065 0.32361948 0.08548957]
[0.03787336 0.32412372 0.08639281]
[ 0.03956164 -0.03124066  0.10398838]
[0.04041522 0.32568824 0.12302199]
[0.04087414 0.32589682 0.12084263]
[0.04098938 0.32839655 0.09367499]
[0.04123158 0.29961101 0.19286345]
[0.04172808 0.32813696 0.11031105]
[0.04181367 0.29933063 0.1934575 ]
[ 0.04182208 -0.03502746  0.10331081]
[ 0.04629579 -0.00018191 -0.11494954]
[0.04647016 0.29738314 0.19649135]
[0.05219367 0.29489325 0.20077957]
[0.05258065 0.29474872 0.20093097]
[0.05424197 0.29925035 0.17178519]
[ 0.05493484 -0.05285031  0.09692251]
[0.05703745 0.29235335 0.20243216]
[ 0.06538387 -0.06007645  0.0933725 ]
[ 0.0673799  -0.06154442  0.09276595]
[ 0.06853227 -0.06215369  0.09222108]
[0.06872225 0.30688166 0.09934771]
[0.06927406 0.28574139 0.20674771]
[ 0.07141704 -0.0242908   0.05866906]
[ 0.07664057 -0.06641005  0.08836227]
[0.0786489  0.27861371 0.20936199]
[ 0.08943953 -0.06521534  0.08508706]
[0.09315441 0.26776312 0.21077471]
[ 0.09749929 -0.06324479  0.08345809]
[ 0.09894453  0.08956833 -0.01703496]
[ 0.10455061 -0.06115204  0.08109637]
[0.10470338 0.2591919  0.21089683]
[ 0.10662219 -0.06280438 -0.05900241]
[ 0.10704904 -0.06041686  0.08027564]
[ 0.10998498 -0.05833363  0.07621442]
[ 0.11049915 -0.05931496  0.07917456]
[0.11170919 0.24850968 0.20847418]
[0.1131959  0.24623174 0.2079645 ]
[ 0.11336388 -0.05994794  0.07768415]
[ 0.11430453 -0.05998088  0.07654416]
[ 0.11691068 -0.06007213  0.07338577]
[0.11770539 0.22310909 0.13120852]
[0.12183464 0.23650821 0.20659384]
[ 0.12215737 -0.05964865  0.02281608]
[ 0.12347973 -0.06149028  0.06428032]
[ 0.12407709 -0.0616212   0.06350694]
[ 0.12422983 -0.06164522  0.06304609]
[0.12685495 0.24378386 0.19586408]
[ 0.12967016 -0.06250875  0.04685366]
[ 0.129896   -0.06251308  0.04530471]
[ 0.13058956 -0.06248722  0.03945789]
[0.13086138 0.23020391 0.20690795]
[ 0.13111768 -0.07227858 -0.04094687]
[ 0.13124067 -0.06524906  0.01810312]
[ 0.13178553 -0.06706652  0.00154918]
[ 0.1317863  -0.06667382  0.00556348]
[ 0.1317999  -0.06696212  0.00240403]
[ 0.13181485 -0.06796678 -0.00525473]
[ 0.13200154 -0.06362239  0.02048611]
[ 0.13401021 -0.05973558  0.02623699]
[0.14149964 0.23023767 0.21065828]
[0.14211832 0.22978282 0.21066949]
[ 0.14232654 -0.05565949 -0.0566945 ]
[ 0.14319841 -0.05429626 -0.05713043]
[ 0.14697132 -0.04810235 -0.05913891]
[ 0.15279663 -0.03850294 -0.06225492]
[0.15558204 0.21986045 0.21103799]
[ 0.15733116 -0.00059873 -0.07728292]
[ 0.16074605 -0.02426812 -0.06697722]
[0.1671909  0.17100011 0.03498137]
[ 0.16873203 -0.00997508 -0.07706692]
[ 0.16890401 -0.00965676 -0.07728936]
[0.16966202 0.20958313 0.21090476]
[ 1.74125077e-01 -8.07878480e-05 -7.60663206e-02]
[0.17899366 0.20295397 0.21090815]
[0.18231114 0.20486689 0.18717507]
[0.1824912  0.20061438 0.2101031 ]
[ 0.18558483  0.02084864 -0.06528397]
[ 0.18628186  0.0482422  -0.05199419]
[ 0.18965788  0.02718397 -0.0619854 ]
[0.19358999 0.19061928 0.20609795]
[ 0.19593486  0.03683306 -0.05516618]
[0.19811639 0.18650138 0.20469851]
[ 0.19967677  0.04261963 -0.0516242 ]
[0.20022356 0.06631189 0.00620011]
[ 0.20119516  0.04551358 -0.04224927]
[ 0.20179867  0.04625297 -0.04945116]
[0.20411135 0.18128284 0.20152183]
[ 0.20471072  0.0521344  -0.02266106]
[0.20681171 0.17926677 0.19821029]
[0.20681275 0.17920482 0.20025688]
[0.20707818 0.1773934  0.19915427]
[ 0.20745285  0.05702566 -0.00803204]
[0.20939297 0.17659776 0.1986699 ]
[ 0.20949857  0.06056979 -0.00284127]
[ 0.21008985  0.06157444 -0.00137042]
[0.21081062 0.1754857  0.19799295]
[0.21180594 0.06455792 0.01052889]
[0.21219798 0.17439287 0.19734233]
[0.21450394 0.06914109 0.01713199]
[0.21609031 0.07190281 0.02108946]
[0.21964842 0.18585486 0.12277687]
[0.22259569 0.08310235 0.02848012]
[0.22676328 0.16370121 0.18845895]
[0.22854772 0.16238803 0.18737932]
[0.23281154 0.10050176 0.04005901]
[0.23592302 0.10562606 0.04356037]
[0.23664816 0.15700537 0.18095863]
[0.2380621  0.13078062 0.04909057]
[0.2384148  0.15723513 0.18053972]
[0.23930083 0.11098407 0.04733183]
[0.23977914 0.15741355 0.18020237]
[0.24065505 0.15754936 0.17968777]
[0.2411416  0.15863215 0.1652796 ]
[0.24135365 0.11428544 0.04866491]
[0.24754471 0.12456745 0.05272362]
[0.24778562 0.12433601 0.06249929]
[0.24843592 0.1587731  0.17487338]
[0.25033353 0.12837861 0.06704658]
[0.25052955 0.15790344 0.17254475]
[0.25185739 0.13068699 0.06974649]
[0.25336527 0.15618631 0.16637966]
[0.25383911 0.133394   0.07616853]
[0.2554076  0.15490659 0.16169927]
[0.25578376 0.15442905 0.15948672]
[0.25773269 0.15372962 0.15179392]
[0.25918864 0.14157515 0.09461396]
[0.25923165 0.15315442 0.14403506]
[0.26086567 0.15246358 0.13242188]
[0.2622018  0.14915034 0.10877144]
[0.26274814 0.15158933 0.11516732]
[0.26275326 0.15076936 0.11165792]
[0.26303369 0.15169932 0.11357739]