[0.08300349 0.38533812 0.2381777 ]
[0.08300568 0.38580635 0.23662545]
[0.08308115 0.38776639 0.22997866]
[0.0831056  0.38512444 0.23865461]
[0.08322142 0.38930614 0.22457533]
[0.08368815 0.39013939 0.22077382]
[0.08404498 0.3907648  0.21801384]
[0.08481497 0.39195704 0.21255914]
[0.08486097 0.38253572 0.24326849]
[0.08650039 0.38056929 0.24608625]
[0.08670859 0.38050519 0.24640037]
[0.08742893 0.3945393  0.19870834]
[0.08877418 0.37983802 0.24925618]
[0.08883563 0.3956956  0.19199775]
[0.09026369 0.39674512 0.18123872]
[0.09175619 0.39794029 0.17311407]
[0.09460687 0.37753037 0.253779  ]
[0.0956982  0.40202854 0.18122448]
[0.09889765 0.39312458 0.17853021]
[0.10010581 0.3753526  0.25802494]
[0.10044747 0.37242476 0.25753413]
[0.10066263 0.37042905 0.25722545]
[0.10068826 0.40696425 0.18388966]
[0.10094691 0.36880273 0.25681496]
[0.10254013 0.40867473 0.18483451]
[0.10269646 0.35853338 0.25428938]
[0.10310551 0.35604446 0.2536991 ]
[0.10412906 0.35397316 0.25368717]
[0.10927572 0.34338099 0.25372913]
[0.1098762  0.41543952 0.18749971]
[0.11033748 0.34139341 0.25362401]
[0.11467313 0.33415477 0.25268939]
[0.11658362 0.33169352 0.25265621]
[0.11810897 0.3634204  0.23179265]
[0.12478171 0.43037957 0.19340323]
[0.12528443 0.32155539 0.25306178]
[0.12740434 0.43270987 0.19432003]
[0.12973149 0.31684228 0.25272292]
[0.13429018 0.43881682 0.19707721]
[0.13885421 0.3076379  0.25148679]
[0.14113378 0.44546224 0.20007638]
[0.14419007 0.30659603 0.24570319]
[0.1455374  0.30154745 0.25101098]
[0.14965676 0.29621904 0.24968081]
[0.15126525 0.45545151 0.20068962]
[0.15129019 0.32850597 0.15860059]
[0.15306876 0.45743049 0.20085851]
[0.15421021 0.28916594 0.24744439]
[0.15438088 0.45873742 0.20094186]
[0.15590907 0.46019546 0.2015865 ]
[0.15637849 0.42196057 0.18953843]
[0.1676827  0.26807572 0.2416018 ]
[0.1691908  0.26689006 0.24160735]
[0.17075138 0.27002505 0.21670614]
[0.1734492  0.47714027 0.20905186]
[0.17447277 0.47805147 0.20946293]
[0.17921551 0.48232558 0.21075664]
[0.18054797 0.25800587 0.24139381]
[0.18149146 0.25727582 0.24133039]
[0.18483256 0.48743094 0.2122971 ]
[0.19050025 0.49204044 0.21374828]
[0.19177685 0.49306674 0.21407287]
[0.19262459 0.49381828 0.21343523]
[0.19367532 0.24234576 0.23732787]
[0.19413701 0.49453453 0.2125782 ]
[0.19620645 0.24068645 0.23733083]
[0.20198649 0.49691953 0.20872881]
[0.20210734 0.49692701 0.20868268]
[0.20240977 0.4968774  0.20859794]
[0.20320231 0.2655664  0.09613854]
[0.20838004 0.23379764 0.23556778]
[0.21132713 0.49555528 0.20603609]
[0.21411437 0.23063579 0.23460201]
[0.2142682  0.49448882 0.20547438]
[0.21503587 0.22931359 0.23390859]
[0.21838186 0.49357734 0.20707136]
[0.21895212 0.22448099 0.23034751]
[0.22288131 0.47093436 0.21300837]
[0.22343526 0.49177387 0.20916554]
[0.22596692 0.49072461 0.21024289]
[0.22604664 0.21527614 0.22424796]
[0.23116604 0.21438737 0.22377353]
[0.23196688 0.48775086 0.21069398]
[0.23250654 0.2481472  0.18648856]
[0.23822699 0.21403727 0.22216181]
[0.24192429 0.48198885 0.21155886]
[0.24512816 0.48003077 0.21185178]
[0.24954472 0.21347316 0.21958167]
[0.25536982 0.21404638 0.21730965]
[0.25609664 0.4728788  0.21062126]
[0.26078886 0.46955668 0.21007996]
[0.26185758 0.21474593 0.21471236]
[0.26242716 0.21391527 0.21370099]
[0.26552137 0.20609793 0.17996995]
[0.26582219 0.29921009 0.13189937]
[0.26611074 0.20838578 0.20581455]
[0.26831437 0.20514249 0.20164887]
[0.2692936  0.20506095 0.20094749]
[0.27195982 0.20488447 0.19754606]
[0.27360942 0.20335621 0.07475951]
[0.2738062  0.22659544 0.12483416]
[0.27450515 0.4606372  0.21245344]
[0.27603428 0.20468536 0.19003603]
[0.27764307 0.20459595 0.18742432]
[0.27854893 0.45796371 0.21317107]
[0.27872506 0.20332828 0.18435181]
[0.27940603 0.20159869 0.17934571]
[0.27949207 0.20071903 0.17653321]
[0.27990046 0.45702621 0.21342884]
[0.28048274 0.20126547 0.17192665]
[0.28198263 0.38731306 0.17352357]
[0.28228585 0.20193998 0.1650472 ]
[0.28544602 0.20438534 0.15539553]
[0.28694343 0.20660329 0.14857894]
[0.28706624 0.19247356 0.08274372]
[0.28732235 0.19274584 0.08583385]
[0.28732541 0.19405747 0.09388986]
[0.2884388  0.19997551 0.10966067]
[0.28865414 0.1963481  0.08319318]
[0.28875723 0.20187522 0.11461251]
[0.28880395 0.2023323  0.11571906]
[0.28923599 0.21021025 0.13769528]
[0.28987718 0.44919679 0.21570221]
[0.29022718 0.21174404 0.13290802]
[0.2918419  0.20610752 0.08390627]
[0.29193526 0.2148675  0.12361581]
[0.29318835 0.21042    0.08418929]
[0.29445283 0.21685472 0.0976955 ]
[0.29497614 0.21974452 0.1037743 ]
[0.29499798 0.22013208 0.10460387]
[0.29504054 0.22135883 0.10723768]
[0.29653197 0.23386823 0.11778283]
[0.2973195  0.44336367 0.21739507]
[0.30067925 0.25841818 0.11965365]
[0.30088529 0.25981076 0.1197701 ]
[0.30093998 0.26017104 0.1197797 ]
[0.30145487 0.44031567 0.21958686]
[0.30318371 0.43882782 0.2205716 ]
[0.30412187 0.41328109 0.2290329 ]
[0.30466132 0.28396277 0.11879564]
[0.30534446 0.2903206  0.12313237]
[0.30576719 0.43582105 0.22229417]
[0.30708988 0.30212337 0.13115125]
[0.30825575 0.32160547 0.14450208]
[0.30884658 0.43139317 0.22461781]
[0.30966857 0.31687097 0.14114431]
[0.31036912 0.32140516 0.14656526]
[0.31052944 0.32141392 0.14252982]
[0.31058045 0.4283811  0.22609241]
[0.31112283 0.32551378 0.1484509 ]
[0.31190616 0.33004607 0.151755  ]
[0.31227975 0.33240958 0.15346052]
[0.31428884 0.42198544 0.2306928 ]
[0.31458835 0.42145122 0.23107173]
[0.31467261 0.42125694 0.23119669]
[0.31488524 0.42059128 0.23158525]
[0.3154161 0.4189084 0.2325641]
[0.31573023 0.35448567 0.16937113]
[0.31657991 0.36300353 0.17526844]
[0.316782   0.36475194 0.17649283]
[0.31729793 0.41356738 0.23112528]
[0.31789106 0.41069148 0.23028676]
[0.31828533 0.37755943 0.18506556]
[0.3183392  0.37946878 0.18626144]
[0.31837204 0.40400346 0.2282004 ]
[0.31849889 0.38216458 0.18799024]
[0.31861489 0.40239199 0.22461294]
[0.31863625 0.38494223 0.19253866]
[0.3186423  0.40147758 0.22240702]
[0.3189209  0.39404085 0.20733478]
[0.31893578 0.39990383 0.21899037]
[0.31897439 0.39724901 0.21252268]