[0.02865053 0.30924714 0.17772394]
[0.02886066 0.3108174  0.17683758]
[0.02908284 0.30606781 0.17914966]
[0.02932958 0.31012031 0.17834912]
[0.02986353 0.29925433 0.18226776]
[0.03267398 0.29264542 0.18440921]
[0.03279922 0.30671721 0.18370735]
[0.03442668 0.30509862 0.18629485]
[0.03546752 0.28783605 0.18659618]
[0.03568242 0.28740328 0.18680679]
[0.03602775 0.30388006 0.18759933]
[0.03621369 0.28671789 0.18706803]
[0.04123158 0.29961101 0.19286345]
[0.04181367 0.29933063 0.1934575 ]
[0.04287514 0.27820822 0.19028684]
[0.04350113 0.27631785 0.19037775]
[0.04647016 0.29738314 0.19649135]
[0.04826384 0.26612228 0.18954549]
[0.05219367 0.29489325 0.20077957]
[0.05258065 0.29474872 0.20093097]
[0.05293189 0.25580509 0.1888478 ]
[0.05424197 0.29925035 0.17178519]
[0.05657405 0.249245   0.18776122]
[0.05703745 0.29235335 0.20243216]
[0.06203035 0.2394296  0.18613809]
[0.06268726 0.23827692 0.18593205]
[0.06852713 0.24059269 0.17950833]
[0.06927406 0.28574139 0.20674771]
[0.06951978 0.23094782 0.18557061]
[0.0723513  0.22790629 0.18542384]
[0.0786489  0.27861371 0.20936199]
[0.07961454 0.21824139 0.18433788]
[0.0883869  0.20715579 0.18252469]
[0.09315441 0.26776312 0.21077471]
[0.09342916 0.20716465 0.18416202]
[0.10470338 0.2591919  0.21089683]
[0.11170919 0.24850968 0.20847418]
[0.1131959  0.24623174 0.2079645 ]
[0.11325699 0.2071856  0.19065369]
[0.11770539 0.22310909 0.13120852]
[0.12183464 0.23650821 0.20659384]
[0.12309251 0.18468433 0.18442428]
[0.12321125 0.18440792 0.18435938]
[0.12685495 0.24378386 0.19586408]
[0.12843267 0.18011643 0.18445981]
[0.13086138 0.23020391 0.20690795]
[0.13722001 0.17328408 0.18402354]
[0.14430615 0.219107   0.20660268]
[0.14740669 0.21652796 0.20655391]
[0.1506134  0.21402581 0.2063244 ]
[0.15129019 0.32850597 0.15860059]
[0.15283861 0.16110729 0.18329932]
[0.15616709 0.20956368 0.20606638]
[0.1564061  0.15973308 0.18372764]
[0.1608981  0.19762842 0.2017538 ]
[0.16724145 0.15544076 0.18336345]
[0.17227208 0.19029548 0.20213385]
[0.17492835 0.18892484 0.20239463]
[0.17545922 0.15126493 0.17015409]
[0.17575605 0.15209051 0.18308899]
[0.18026582 0.15031463 0.18292402]
[0.18100605 0.15001201 0.18274407]
[0.18231114 0.20486689 0.18717507]
[0.18468811 0.18561152 0.20196212]
[0.18479601 0.18556847 0.20195372]
[0.18796359 0.14716018 0.18104819]
[0.19105874 0.14590106 0.18042425]
[0.19543779 0.1810276  0.20136675]
[0.20127772 0.14631803 0.18083737]
[0.20320231 0.2655664  0.09613854]
[0.20480107 0.17837523 0.19975198]
[0.20587735 0.17758415 0.19927042]
[0.2061923  0.14686227 0.18048389]
[0.20681171 0.17926677 0.19821029]
[0.20707818 0.1773934  0.19915427]
[0.20939297 0.17659776 0.1986699 ]
[0.21081062 0.1754857  0.19799295]
[0.21219798 0.17439287 0.19734233]
[0.21964842 0.18585486 0.12277687]
[0.22126187 0.14850076 0.17944871]
[0.22450441 0.14884598 0.17923776]
[0.22619937 0.14916505 0.1789048 ]
[0.22676328 0.16370121 0.18845895]
[0.22839566 0.14958745 0.17845897]
[0.22854772 0.16238803 0.18737932]
[0.23574723 0.14771442 0.17460263]
[0.23664816 0.15700537 0.18095863]
[0.2384148  0.15723513 0.18053972]
[0.23977914 0.15741355 0.18020237]
[0.24011656 0.14791488 0.17161669]
[0.24065505 0.15754936 0.17968777]
[0.2411416  0.15863215 0.1652796 ]
[0.24473667 0.14993776 0.17004968]
[0.24675616 0.1508748  0.16933392]
[0.24774202 0.15160957 0.16882274]
[0.24843592 0.1587731  0.17487338]
[0.24904547 0.1519813  0.16741183]
[0.25052955 0.15790344 0.17254475]
[0.25336527 0.15618631 0.16637966]
[0.25481883 0.1537196  0.16105239]
[0.2554076  0.15490659 0.16169927]
[0.25578376 0.15442905 0.15948672]