[-0.01349454 -0.21527601 -0.30689656]
[-0.01302711 -0.21397806 -0.30701979]
[-0.01246131 -0.21568644 -0.30714326]
[-0.01043284 -0.21686251 -0.30762468]
[-0.00922254 -0.20355668 -0.30802163]
[-0.00690073 -0.19868086 -0.3086214 ]
[-0.00647052 -0.19767275 -0.30873335]
[-0.00526787 -0.2203385  -0.30884673]
[-0.00464355 -0.22075973 -0.30899948]
[-0.00287939 -0.19392218 -0.3139608 ]
[-0.00197158 -0.19191278 -0.31617675]
[-0.00146915 -0.19037428 -0.31776254]
[ 0.00113581 -0.18396905 -0.32465998]
[ 0.00370208 -0.17857773 -0.32594555]
[ 0.0076199  -0.22805694 -0.31199851]
[ 0.00820993 -0.22843701 -0.31214284]
[ 0.00835485 -0.16867733 -0.32830632]
[ 0.00840163 -0.22851813 -0.31218968]
[ 0.00964337 -0.16594944 -0.32886902]
[ 0.01160985 -0.23026494 -0.31297403]
[ 0.01317625 -0.23113584 -0.31335701]
[ 0.01327674 -0.23115367 -0.31328355]
[ 0.0202752  -0.15662239 -0.33082058]
[ 0.0215614  -0.15524898 -0.33110671]
[ 0.02198352 -0.154816   -0.33126524]
[ 0.02361319 -0.23458789 -0.3044042 ]
[ 0.02602693 -0.23557655 -0.30330157]
[ 0.03147494 -0.21282983 -0.31779266]
[ 0.03226674 -0.14499798 -0.33491001]
[ 0.03249309 -0.14422152 -0.33515692]
[ 0.03439163 -0.23605944 -0.30148124]
[ 0.03483085 -0.14594835 -0.33480794]
[ 0.03586334 -0.16537053 -0.32910344]
[ 0.03592187 -0.14736487 -0.33446344]
[ 0.03872257 -0.23653215 -0.30038737]
[ 0.04356063 -0.15628388 -0.32986789]
[ 0.04577505 -0.15882026 -0.32855035]
[ 0.04621959 -0.15939479 -0.32842814]
[ 0.04723587 -0.23598169 -0.29924298]
[ 0.05208435 -0.16712797 -0.32679867]
[ 0.05243357 -0.16756312 -0.32665013]
[ 0.05359484 -0.23652664 -0.30083951]
[ 0.05399624 -0.23656876 -0.30093232]
[ 0.05404546 -0.23656786 -0.30094996]
[ 0.05408729 -0.23655252 -0.30097999]
[ 0.05434089 -0.23650583 -0.30111431]
[ 0.05818342 -0.17544244 -0.32402655]
[ 0.06264859 -0.18200182 -0.32187947]
[ 0.06306161 -0.18260516 -0.3216745 ]
[ 0.06385135 -0.23477753 -0.30612769]
[ 0.06568002 -0.23350118 -0.30806624]
[ 0.06976304 -0.19880884 -0.31670615]
[ 0.07011514 -0.22948511 -0.31371815]
[ 0.0706291  -0.22791338 -0.31551526]
[ 0.07213754 -0.20438318 -0.31498852]
[ 0.07222352 -0.2057989  -0.31461546]
[ 0.07226075 -0.20676864 -0.31464722]
[ 0.07248819 -0.22160915 -0.31515784]