[0.10997775 0.02314982 0.1018551 ]
[0.11471036 0.0090192  0.11224765]
[0.12892928 0.00392839 0.10802242]
[0.12918079 0.00171702 0.10674416]
[0.13131441 0.0006007  0.10597384]
[ 0.1338863  -0.00035067  0.10527039]
[0.13496939 0.00164492 0.10634229]
[ 0.13719644 -0.00110774  0.10404756]
[0.13912995 0.00056262 0.10471952]
[ 0.14500963 -0.00063908  0.10211522]
[ 0.14597319 -0.00254911  0.10042085]
[ 0.14658908 -0.00114125  0.10128292]
[ 0.15368084 -0.00232447  0.0969233 ]
[ 0.15372544 -0.00279217  0.09651786]
[ 0.15527952 -0.00296144  0.09581731]
[ 0.15541111 -0.00275483  0.09594193]
[ 0.15730838 -0.00254476  0.09446964]
[0.15990189 0.00239159 0.08975589]