[ 0.03875364  0.34515336 -0.07895003]
[ 0.04021877  0.34614581 -0.07073187]
[ 0.04033855  0.34577714 -0.0661889 ]
[ 0.04132827  0.34342193 -0.05379074]
[ 0.04235903  0.33598536 -0.02059777]
[ 0.04258581  0.34036116 -0.03555491]
[ 0.04267388  0.35114476 -0.08566929]
[ 0.04268185  0.33823443 -0.02665968]
[ 0.04291995  0.33953634 -0.03028937]
[ 0.04467957  0.35408629 -0.08804148]
[ 0.04486067  0.33688722 -0.0776159 ]
[ 0.04506199  0.35464094 -0.08849   ]
[ 0.04507986  0.35466047 -0.08850707]
[ 0.04510248  0.35468498 -0.08852854]
[ 0.04723927  0.330435   -0.01900908]
[ 0.04755332  0.3436576  -0.01916866]
[ 0.04998904  0.34783506 -0.02051073]
[ 0.05151536  0.36270132 -0.09526722]
[ 0.05292024  0.35351149 -0.02212513]
[ 0.05416614  0.36454561 -0.09715756]
[ 0.05557236  0.36564449 -0.09823378]
[ 0.05995788  0.37081581 -0.0982159 ]
[ 0.06237239  0.37277661 -0.09821323]
[ 0.06464768  0.37220419 -0.02858842]
[ 0.06661625  0.37590037 -0.09821117]
[ 0.06882665  0.37949925 -0.03089088]
[ 0.06885079  0.37954789 -0.030942  ]
[ 0.07209417  0.38703967 -0.03859013]
[ 0.07316016  0.39003696 -0.04153958]
[ 0.07418194  0.39327538 -0.04466437]
[ 0.07447253  0.39401392 -0.04516222]
[ 0.07580046  0.37975299 -0.09823025]
[ 0.07651988  0.38007486 -0.09823158]
[ 0.0769142   0.38021471 -0.09823261]
[ 0.07760331  0.40058785 -0.04978233]
[ 0.07924609  0.38043214 -0.09824362]
[ 0.08054839  0.40395531 -0.05261392]
[ 0.08075028  0.40420344 -0.05281733]
[ 0.08095529  0.40426528 -0.05292165]
[ 0.08140871  0.40429109 -0.0530927 ]
[ 0.08557339  0.40446346 -0.05462901]
[ 0.0873243   0.38122743 -0.09828141]
[ 0.09059343  0.40555849 -0.05447996]
[ 0.0924888   0.38118875 -0.09926569]
[ 0.09677852  0.38056429 -0.10002881]
[ 0.09776082  0.38220186 -0.04688332]
[ 0.09985166  0.4074431  -0.0541651 ]
[ 0.10080363  0.40765938 -0.05413939]
[ 0.10157803  0.40774992 -0.05409317]
[ 0.10166802  0.40774975 -0.05408463]
[ 0.10890937  0.34112522 -0.09872449]
[ 0.11356223  0.40795238 -0.05258499]
[ 0.11546476  0.3759926  -0.10318282]
[ 0.11669913  0.28276731 -0.00752103]
[ 0.11982225  0.37525653 -0.10339044]
[ 0.12148122  0.37489063 -0.10345961]
[ 0.12421492  0.37401696 -0.1035424 ]
[ 0.12427042  0.40606431 -0.05060971]
[ 0.13200668  0.40581533 -0.04714195]
[ 0.14029805  0.36853552 -0.10399008]
[ 0.14106477  0.4057445  -0.04322106]
[ 0.14465355  0.36809167 -0.10246719]
[ 0.14669423  0.40541527 -0.04060417]
[ 0.15141908  0.40475631 -0.03816613]
[ 0.15580482  0.36623966 -0.09818847]
[ 0.16233959  0.38904126 -0.02356812]
[ 0.16673932  0.40410615 -0.02771241]
[ 0.16691815  0.40409906 -0.02759062]
[0.1671909  0.17100011 0.03498137]
[ 0.16809522  0.36360399 -0.09315724]
[ 0.1693595   0.40261667 -0.0282874 ]
[ 0.17822839  0.34815413 -0.08196468]
[ 0.17937685  0.35595116 -0.09678076]
[ 0.18282772  0.35454473 -0.09641756]
[ 0.18285005  0.39442841 -0.03213821]
[ 0.18352757  0.39401117 -0.03233069]
[ 0.18357619  0.3939905  -0.03232893]
[ 0.18424945  0.39369091 -0.0322954 ]
[ 0.18680789  0.39243567 -0.03208837]
[ 0.18909771  0.35194515 -0.0956778 ]
[ 0.21050756  0.2606327  -0.05345498]
[ 0.21308792  0.37964431 -0.03003154]
[ 0.21733019  0.32890314 -0.10992459]
[ 0.22156197  0.3256497  -0.11219025]
[ 0.22289961  0.32481158 -0.11256955]
[ 0.22323094  0.37632191 -0.02666465]
[ 0.22494473  0.35059254 -0.01322919]
[ 0.22565839  0.31902526 -0.11212522]
[ 0.2258533   0.32267178 -0.11331971]
[ 0.22941777  0.32089612 -0.11276899]
[ 0.23210058  0.31958773 -0.11236366]
[ 0.23432533  0.37200165 -0.02263113]
[ 0.23585414  0.16294771 -0.04294204]
[ 0.23753328  0.36888672 -0.02447603]
[0.23776666 0.28516327 0.0176272 ]
[ 0.2495811   0.35725299 -0.03141324]
[ 0.25159095  0.14366106 -0.00966559]
[ 0.25477504  0.14077132 -0.00881325]
[ 0.25537527  0.35344612 -0.03184823]
[ 0.25589148  0.1427313  -0.01186517]
[ 0.25655805  0.1439102  -0.01316554]
[ 0.25693462  0.30620097 -0.11085062]
[ 0.25695238  0.14465968 -0.01080695]
[ 0.25707984  0.1449001  -0.01092928]
[ 0.25972385  0.14989594 -0.00933175]
[ 0.26146034  0.34946978 -0.03232055]
[ 0.26234748  0.15481757 -0.02494435]
[ 0.26376675  0.15748941 -0.02883467]
[ 0.26415615  0.34752658 -0.03239996]
[0.26660967 0.20732954 0.00375338]
[ 0.26689478  0.29960042 -0.11005121]
[ 0.26727426  0.16337031 -0.03732087]
[ 0.26851473  0.16650095 -0.00654915]
[ 0.2688841   0.29756815 -0.11114497]
[ 0.26947935  0.28122963 -0.10723907]
[ 0.27066264  0.16928433 -0.04244858]
[ 0.27082134  0.20590731 -0.0782015 ]
[ 0.27748537  0.28877527 -0.11587249]
[ 0.27859368  0.18313865 -0.0542973 ]
[ 0.27915342  0.18415852 -0.05517467]
[ 0.28067463  0.1895127  -0.00268958]
[ 0.28098537  0.33565358 -0.03308007]
[ 0.28119945  0.18738393 -0.05789064]
[ 0.28176558  0.19157653 -0.00255131]
[ 0.28284101  0.18996131 -0.06005953]
[ 0.2858113   0.28322065 -0.11526113]
[ 0.28652884  0.33213107 -0.03269487]
[ 0.28782491  0.19556685 -0.0768735 ]
[ 0.2909302   0.27918572 -0.11444172]
[ 0.29098865  0.20911351 -0.00136583]
[ 0.29103974  0.2092116  -0.00063274]
[0.29129695 0.21084527 0.0120446 ]
[ 0.29163619  0.27841942 -0.11473218]
[0.29244999 0.21360166 0.01371264]
[ 0.29439212  0.20646618 -0.08283906]
[0.29470138 0.25115266 0.0328642 ]
[ 0.29662885  0.32427648 -0.03116186]
[ 0.29676126  0.2097569  -0.08471221]
[ 0.29678843  0.27202505 -0.1169132 ]
[ 0.29698921  0.30671419 -0.02110884]
[0.30044053 0.23266443 0.02525287]
[ 0.30065419  0.32105271 -0.03049688]
[ 0.3009622   0.21443969 -0.09068124]
[0.30147194 0.23556225 0.0269585 ]
[ 0.30328309  0.26442224 -0.11962753]
[ 0.30381737  0.31919936 -0.02898764]
[0.30480464 0.24450421 0.02712269]
[ 0.30659401  0.22134419 -0.09944212]
[ 0.30692573  0.25826679 -0.1212944 ]
[0.30810576 0.25326483 0.0260596 ]
[ 0.30824467  0.24075906 -0.12306529]
[0.30832411 0.25412918 0.02601046]
[ 0.30893205  0.2246722  -0.10363807]
[0.30942415 0.25709567 0.02284177]
[ 0.30970492  0.2540646  -0.1225284 ]
[0.3102882  0.25911023 0.02065555]
[ 0.31029197  0.25290012 -0.12281021]
[ 0.31104857  0.3136431  -0.02464614]
[ 0.31279197  0.31214394 -0.02349163]
[ 0.31288261  0.22978478 -0.11010959]
[ 0.31308609  0.23002908 -0.11047515]
[ 0.31354922  0.24644176 -0.12436918]
[ 0.31382477  0.24579864 -0.12450844]
[ 0.31391463  0.3103874  -0.02221373]
[ 0.31428759  0.24362682 -0.12482555]
[ 0.31436184  0.24343791 -0.12469238]
[0.31516838 0.27205469 0.00680527]
[ 0.3154177   0.23327513 -0.11523889]
[ 0.31630636  0.23569811 -0.11858047]
[ 0.31647564  0.23678339 -0.12001967]
[ 0.31656965  0.30681345 -0.0195835 ]
[ 0.31672126  0.23817126 -0.12096919]
[0.31678682 0.27615372 0.00239796]
[ 0.31868005  0.28150361 -0.00052562]
[ 0.31890582  0.30396718 -0.01696982]
[ 0.31954182  0.30099261 -0.01438676]
[ 0.31983162  0.28541313 -0.00271363]
[ 0.32008899  0.28880954 -0.00477969]
[ 0.32046592  0.29213553 -0.00677515]
[ 0.32090551  0.29613492 -0.0101417 ]