[ 0.02101058  0.01132163 -0.2244428 ]
[ 0.04062788  0.01061446 -0.23994987]
[ 0.04279349  0.00670918 -0.23841863]
[ 0.04593551  0.00160887 -0.2366764 ]
[ 0.04629579 -0.00018191 -0.11494954]
[ 4.71270603e-02  2.07291379e-04 -2.36467026e-01]
[ 0.04985183  0.00906799 -0.23878521]
[ 0.05881007 -0.02214825 -0.22711542]
[ 0.05951896  0.00681348 -0.23315035]
[ 0.06654429 -0.02672109 -0.22224302]
[ 0.0692497  -0.02733286 -0.22066602]
[ 0.08041829 -0.02999403 -0.21527202]
[ 0.08087241 -0.02771518 -0.19540878]
[ 0.0853779  -0.03363206 -0.21233676]
[ 0.08784995  0.0143552  -0.22341876]
[ 0.09105707 -0.03752165 -0.20690311]
[ 0.09165022  0.01562365 -0.22173169]
[ 0.09241946 -0.03801137 -0.20571428]
[ 0.09406784  0.01643061 -0.22065842]
[ 0.09926439  0.02735468 -0.20469392]
[ 0.10170099 -0.04100984 -0.19649466]
[ 0.10701044  0.01622474 -0.21294667]
[ 0.10742288  0.01621884 -0.21270015]
[ 0.11198653 -0.03655493 -0.18901599]
[ 0.11652133 -0.03600004 -0.18522258]
[ 0.12106655  0.01392207 -0.2036204 ]
[ 0.12355855 -0.0349663  -0.1790678 ]
[ 0.12462433  0.01047298 -0.19999883]
[ 0.13710469 -0.00479122 -0.17861738]
[ 0.13832858 -0.01828735 -0.14362402]
[ 0.13842915 -0.03044336 -0.16243138]
[ 0.13883917 -0.03023821 -0.16184779]
[ 0.14004589 -0.00839899 -0.17354966]
[ 0.14039954 -0.00901042 -0.17245333]
[ 0.14058686 -0.0096114  -0.17160898]
[ 0.14320402 -0.01721792 -0.16170593]
[ 0.14540367 -0.02306966 -0.15468032]