[-0.18940377 -0.09010875  0.0582268 ]
[-0.18924892 -0.08887045  0.05431895]
[-0.18917891 -0.0886547   0.0535442 ]
[-0.18853102 -0.09025241  0.06917041]
[-0.18847547 -0.09041971  0.07059904]
[-0.1884006  -0.08689357  0.04676903]
[-0.18827034 -0.09101563  0.07562534]
[-0.18756131 -0.08500092  0.03843707]
[-0.18749113 -0.09180299  0.07791441]
[-0.18684618 -0.08311051  0.030431  ]
[-0.18621575 -0.08151521  0.02630354]
[-0.18538645 -0.09414414  0.08653856]
[-0.18417688 -0.09520097  0.08820956]
[-0.18066913 -0.09469312  0.05239061]
[-0.17937115 -0.06696406 -0.01215879]
[-0.1785598  -0.09475281  0.09338352]
[-0.17852959 -0.09475039  0.09341056]
[-0.17850554 -0.09474841  0.09342222]
[-0.17847971 -0.09474626  0.09343052]
[-0.1781941  -0.06439634 -0.018923  ]
[-0.17481524 -0.05677746 -0.03340243]
[-0.17005229 -0.09405021  0.09714008]
[-0.16877696 -0.04240742 -0.0442555 ]
[-0.16704595 -0.06445425 -0.02709108]
[-0.16636523 -0.03638316 -0.04292022]
[-0.16495183 -0.09588196  0.09983313]
[-0.16482595 -0.03274453 -0.04211644]
[-0.16405297 -0.03101232 -0.04434025]
[-0.16176211 -0.02584795 -0.05095901]
[-0.16097187 -0.02404864 -0.05271733]
[-0.1555491  -0.09951148  0.10257789]
[-0.15262538 -0.04113203 -0.04448959]
[-0.15117233 -0.00099558 -0.07507164]
[-0.1478388   0.00681453 -0.08029325]
[-0.14734776  0.0078906  -0.0810331 ]
[-0.14309618  0.01741559 -0.08189636]
[-0.1416767  -0.10507108  0.10482874]
[-0.14110172  0.00215588 -0.08279157]
[-0.1400437   0.02433739 -0.0802994 ]
[-0.13718365  0.03048226 -0.07883649]
[-0.13644018 -0.10718958  0.10550377]
[-0.13378259  0.03938167 -0.07694082]
[-0.13200086 -0.10902195  0.10575638]
[-0.13021515 -0.10974734  0.10596056]
[-0.12581787 -0.11049874  0.10637709]
[-0.1252041   0.05891585 -0.07244484]
[-0.12503376 -0.112106    0.10432269]
[-0.1244379  -0.11333548  0.10672456]
[-0.1203483  -0.11313342  0.10703687]
[-0.11974373  0.07128329 -0.0670666 ]
[-0.11640956  0.07892165 -0.06706493]
[-0.11495616  0.08236145 -0.06706993]
[-0.11369481  0.08526451 -0.06468921]
[-0.11164292 -0.11654503  0.10802183]
[-0.10766713 -0.08906602  0.0419508 ]
[-0.10620332  0.09995042 -0.05178964]
[-0.10510713  0.09721223  0.0106691 ]
[-0.10451766  0.09730381  0.02091496]
[-0.1039616   0.09748058  0.03257407]
[-0.10370211  0.0978898   0.03395305]
[-0.10273989  0.0675501  -0.06483818]
[-0.10229894  0.10438679 -0.00129268]
[-0.10228587  0.09937146  0.0393181 ]
[-0.10194618  0.1056655  -0.00619966]
[-0.10099174  0.11039709 -0.04270417]
[-0.10045937  0.10108024  0.04565633]
[-0.09974257  0.11287867 -0.04014332]
[-0.09963205  0.11296676 -0.03766529]
[-0.09952004  0.11303424 -0.03559492]
[-0.0974107   0.11220718 -0.03906551]
[-0.09503973  0.10653119  0.0655575 ]
[-0.09453258  0.10655643  0.06911079]
[-0.09222378  0.10661641  0.07630692]
[-0.09109015  0.10663787  0.07853201]
[-0.0874193   0.10568661  0.08660671]
[-0.08694784  0.10437819  0.08865439]
[-0.08603539 -0.12770061  0.10789456]
[-0.08602213  0.10289152  0.09062285]
[-0.08595166  0.08511449  0.01108373]
[-0.07997745  0.10671051  0.07783142]
[-0.07979875  0.09600802  0.09795816]
[-0.07864538  0.09465544  0.09946332]
[-0.07832586  0.09437655  0.09969865]
[-0.07719859  0.0934848   0.10035411]
[-0.07682642 -0.13143727  0.10859166]
[-0.07488681 -0.13227104  0.10861227]
[-0.0738333   0.09070291  0.10253785]
[-0.07034805  0.08610699  0.10507623]
[-0.064266    0.07880397  0.10767034]
[-0.05761169  0.07082314  0.1104847 ]
[-0.05701899 -0.05793924 -0.06378165]
[-0.056243    0.06931025  0.1107343 ]
[-0.05531808 -0.13926381  0.10869265]
[-0.05454292 -0.14968157  0.08542852]
[-0.05304119 -0.14008237  0.10869072]
[-0.05121637  0.06581919  0.11173018]
[-0.04277523  0.06113655  0.09601095]
[-0.0421736  -0.14985723  0.10924011]
[-0.04122438  0.05884408  0.11423358]
[-0.04007968 -0.1519212   0.10896356]
[-0.03733838  0.09112622 -0.07195456]
[-0.03727234  0.05612473  0.11464221]
[-0.03577575 -0.15610376  0.10852176]
[-0.03573508 -0.15614097  0.10852249]
[-0.03560816 -0.15614545  0.10849805]
[-0.03247371  0.04435646  0.1146221 ]
[-0.02791099  0.0332369   0.11475722]
[-0.0278874   0.03317567  0.11474973]
[-0.02582502  0.03007479  0.1144307 ]
[-0.02128099  0.0232803   0.11358566]
[-0.01565203  0.01475391  0.11295255]
[-0.01497089  0.02470315  0.07144022]
[-0.0085701   0.00849149  0.11259585]
[-0.00043483  0.00150218  0.11138194]
[ 0.00304351 -0.14470119  0.03478646]
[ 0.00589611 -0.00621566  0.11008676]
[ 0.01080956 -0.15818957  0.10142059]
[ 0.01127974 -0.15807693  0.10134174]
[ 0.01177606 -0.01338465  0.10889113]
[ 0.01449525  0.01742836 -0.00406646]
[ 0.01535226 -0.01771001  0.1078911 ]
[ 0.02115662 -0.1558791   0.09907645]
[ 0.02414811 -0.15530615  0.09805492]
[ 0.02422459 -0.15708279  0.09154884]
[ 0.03043646 -0.16291319  0.09595016]
[ 0.03072531 -0.163085    0.09585263]
[ 0.03335144 -0.02770493  0.10488424]
[ 0.03811566 -0.16753052  0.09350855]
[ 0.03956164 -0.03124066  0.10398838]
[ 0.04182208 -0.03502746  0.10331081]
[ 0.04403436 -0.17093905  0.09116948]
[ 0.04629579 -0.00018191 -0.11494954]
[ 0.04653511 -0.17289198  0.0901868 ]
[ 0.04999636 -0.17579563  0.08790619]
[ 0.0503656  -0.18134053  0.05324951]
[ 0.05079284 -0.17660759  0.08672167]
[ 0.0516293  -0.18133807  0.06558236]
[ 0.05181673 -0.18122085  0.06882186]
[ 0.05220967 -0.18078291  0.0720847 ]
[ 0.052574   -0.17863748  0.08309035]
[ 0.05297542 -0.17979177  0.07907493]
[ 0.05304045 -0.18000931  0.07828428]
[ 0.05412652 -0.17461232  0.04550063]
[ 0.05493484 -0.05285031  0.09692251]
[ 0.05825782 -0.16863419  0.03833918]
[ 0.06264263 -0.16215955  0.02859506]
[ 0.06381652 -0.16050574  0.02608163]
[ 0.0650215  -0.15913844  0.02389706]
[ 0.06538387 -0.06007645  0.0933725 ]
[ 0.0673799  -0.06154442  0.09276595]
[ 0.06800006 -0.14752179  0.00863652]
[ 0.06853227 -0.06215369  0.09222108]
[ 0.06943646 -0.15380789  0.01550886]
[ 0.07097929 -0.15214248  0.01041263]
[ 0.07141704 -0.0242908   0.05866906]
[ 0.07402954 -0.10202695 -0.00656094]
[ 0.07583059 -0.14564212  0.00824817]
[ 0.07664057 -0.06641005  0.08836227]
[ 0.07929588 -0.14099138  0.00678461]
[ 0.08418363 -0.13453875  0.00475654]
[ 0.08943953 -0.06521534  0.08508706]
[ 0.09130647 -0.12521552  0.00182815]
[ 0.09749929 -0.06324479  0.08345809]
[ 0.1008705  -0.11279943 -0.00337614]
[ 0.1021442  -0.11098669 -0.00413132]
[ 0.10352102 -0.10897572 -0.00439512]
[ 0.10455061 -0.06115204  0.08109637]
[ 0.10662219 -0.06280438 -0.05900241]
[ 0.10704904 -0.06041686  0.08027564]
[ 0.10998498 -0.05833363  0.07621442]
[ 0.11049915 -0.05931496  0.07917456]
[ 0.1109297  -0.09827906 -0.00579518]
[ 0.11166788 -0.097325   -0.00708012]
[ 0.11336388 -0.05994794  0.07768415]
[ 0.11430453 -0.05998088  0.07654416]
[ 0.11691068 -0.06007213  0.07338577]
[ 0.12215737 -0.05964865  0.02281608]
[ 0.12313504 -0.08335089 -0.02578859]
[ 0.12347973 -0.06149028  0.06428032]
[ 0.12407709 -0.0616212   0.06350694]
[ 0.12422983 -0.06164522  0.06304609]
[ 0.12481545 -0.08130642 -0.02855401]
[ 0.12967016 -0.06250875  0.04685366]
[ 0.129896   -0.06251308  0.04530471]
[ 0.13058956 -0.06248722  0.03945789]
[ 0.13111768 -0.07227858 -0.04094687]
[ 0.13124067 -0.06524906  0.01810312]
[ 0.13178553 -0.06706652  0.00154918]
[ 0.1317863  -0.06667382  0.00556348]
[ 0.1317999  -0.06696212  0.00240403]
[ 0.13181485 -0.06796678 -0.00525473]
[ 0.13200154 -0.06362239  0.02048611]
[ 0.13401021 -0.05973558  0.02623699]