[0.07674583 0.38297792 0.04091021]
[0.07735316 0.38426023 0.0469355 ]
[0.07784321 0.38484483 0.03907683]
[0.08022105 0.39035374 0.03406635]
[0.08033854 0.38810989 0.06809747]
[0.0807639  0.38870534 0.07009758]
[0.08113013 0.38906438 0.07153953]
[0.08300349 0.38533812 0.2381777 ]
[0.08300568 0.38580635 0.23662545]
[0.08308115 0.38776639 0.22997866]
[0.0831056  0.38512444 0.23865461]
[0.08322142 0.38930614 0.22457533]
[0.08368815 0.39013939 0.22077382]
[0.08404498 0.3907648  0.21801384]
[0.08481497 0.39195704 0.21255914]
[0.08482353 0.38822737 0.10413434]
[0.08486097 0.38253572 0.24326849]
[0.08488531 0.40096745 0.02437441]
[0.08529268 0.38890114 0.10095909]
[0.08553822 0.39072897 0.09453453]
[0.08589873 0.40334942 0.02221479]
[0.08593101 0.39247121 0.08807243]
[0.08650039 0.38056929 0.24608625]
[0.08670859 0.38050519 0.24640037]
[0.08742893 0.3945393  0.19870834]
[0.08877418 0.37983802 0.24925618]
[0.08883563 0.3956956  0.19199775]
[0.08909012 0.41154335 0.01175406]
[0.08929134 0.39302816 0.11135747]
[0.0893323  0.41199882 0.01115528]
[0.08952037 0.41235261 0.01068972]
[0.09026369 0.39674512 0.18123872]
[0.0909863  0.39412767 0.13083275]
[0.09128319 0.39425918 0.13381386]
[0.09133857 0.39436462 0.13493972]
[0.09140981 0.39496699 0.13967484]
[0.09175619 0.39794029 0.17311407]
[0.09177305 0.397918   0.17188612]
[0.09214414 0.39758897 0.16322233]
[0.09351681 0.41893238 0.00189815]
[0.09460687 0.37753037 0.253779  ]
[ 9.51989555e-02  4.20278251e-01 -1.31175411e-04]
[ 0.09559895  0.42054998 -0.00055702]
[0.09710572 0.3830005  0.09483081]
[0.09889765 0.39312458 0.17853021]
[ 0.09914733  0.42317993 -0.00278639]
[0.10010581 0.3753526  0.25802494]
[0.10044747 0.37242476 0.25753413]
[0.10066263 0.37042905 0.25722545]
[0.10094691 0.36880273 0.25681496]
[0.10269646 0.35853338 0.25428938]
[ 0.10273469  0.42496247 -0.0043253 ]
[0.10310551 0.35604446 0.2536991 ]
[0.10412906 0.35397316 0.25368717]
[ 0.10442325  0.42547033 -0.00477947]
[0.1074229  0.41250466 0.00572803]
[ 0.10797988  0.42532056 -0.01015403]
[ 0.10894057  0.42532913 -0.01166319]
[0.10927572 0.34338099 0.25372913]
[0.11033748 0.34139341 0.25362401]
[ 0.11109509  0.4247436  -0.01433933]
[ 0.11278613  0.42424488 -0.01639395]
[0.11467313 0.33415477 0.25268939]
[0.11658362 0.33169352 0.25265621]
[ 0.11727826  0.42343453 -0.02031253]
[0.11810897 0.3634204  0.23179265]
[ 0.11986373  0.42239111 -0.02177585]
[0.12528443 0.32155539 0.25306178]
[0.12973149 0.31684228 0.25272292]
[0.13072392 0.34259323 0.0444815 ]
[ 0.13140085  0.41745612 -0.02792267]
[ 0.13150968  0.41740778 -0.02797819]
[ 0.13170008  0.41730541 -0.02805092]
[0.13662391 0.42555392 0.30918468]
[0.13662671 0.42552597 0.30921557]
[0.13664836 0.42548713 0.30924792]
[0.13671386 0.42536271 0.3093538 ]
[0.13677901 0.42522709 0.30947297]
[ 0.13761694  0.41412919 -0.03031756]
[0.13828476 0.4319907  0.30069315]
[0.13885421 0.3076379  0.25148679]
[0.13933209 0.43362203 0.29816727]
[0.14034876 0.41899475 0.31588286]
[0.14243242 0.41628719 0.31820254]
[0.14286793 0.43876964 0.29005909]
[0.14419007 0.30659603 0.24570319]
[0.1455374  0.30154745 0.25101098]
[ 0.14739144  0.40764366 -0.03625748]
[0.14794825 0.44475544 0.28429793]
[0.14965676 0.29621904 0.24968081]
[0.15125429 0.44822377 0.28071095]
[0.15129019 0.32850597 0.15860059]
[ 0.15141908  0.40475631 -0.03816613]
[0.15324674 0.40626543 0.32408156]
[0.15380722 0.45082811 0.27796912]
[0.15421021 0.28916594 0.24744439]
[0.15600693 0.45330102 0.27357217]
[0.15658284 0.40319782 0.3258585 ]
[0.15918582 0.40108943 0.32680921]
[0.16097952 0.3982807  0.32634912]
[ 0.16233959  0.38904126 -0.02356812]
[0.16261977 0.46095446 0.26015439]
[ 0.16323799  0.39953285 -0.03819649]
[0.1676827  0.26807572 0.2416018 ]
[0.16793681 0.38622319 0.32454568]
[0.1681402  0.38592639 0.32449386]
[0.1691908  0.26689006 0.24160735]
[0.1693122  0.46832341 0.2500241 ]
[0.17016095 0.44189439 0.27013161]
[0.17075138 0.27002505 0.21670614]
[ 0.17109079  0.39701004 -0.03659182]
[0.17428789 0.38082773 0.32608085]
[0.1758035  0.37971913 0.32642104]
[0.17628184 0.47645183 0.23911909]
[0.17822616 0.47875837 0.23577964]
[0.17911649 0.47979201 0.23427048]
[ 0.17943311  0.39500074 -0.03373717]
[0.17980114 0.39252625 0.32190542]
[0.18054797 0.25800587 0.24139381]
[0.18149146 0.25727582 0.24133039]
[0.18235733 0.48352407 0.22880403]
[ 0.18352757  0.39401117 -0.03233069]
[ 0.18357619  0.3939905  -0.03232893]
[0.1840267  0.37011517 0.32526365]
[0.18421705 0.36985167 0.3252024 ]
[ 0.18424945  0.39369091 -0.0322954 ]
[0.18565063 0.48725361 0.22330491]
[0.18630548 0.48787763 0.22231573]
[ 0.18680789  0.39243567 -0.03208837]
[0.19177685 0.49306674 0.21407287]
[0.19262459 0.49381828 0.21343523]
[0.19367532 0.24234576 0.23732787]
[0.19413701 0.49453453 0.2125782 ]
[0.1958363  0.35546132 0.3209807 ]
[0.19620645 0.24068645 0.23733083]
[0.20198649 0.49691953 0.20872881]
[0.20210734 0.49692701 0.20868268]
[0.20229993 0.34786374 0.3185161 ]
[0.20240977 0.4968774  0.20859794]
[0.20255759 0.34759213 0.31840896]
[0.20320231 0.2655664  0.09613854]
[0.20838004 0.23379764 0.23556778]
[0.21132713 0.49555528 0.20603609]
[ 0.21308792  0.37964431 -0.03003154]
[0.21411437 0.23063579 0.23460201]
[0.2142682  0.49448882 0.20547438]
[0.21503587 0.22931359 0.23390859]
[0.21838186 0.49357734 0.20707136]
[0.21851648 0.34134539 0.32210688]
[0.21895212 0.22448099 0.23034751]
[0.22265108 0.33969529 0.32310516]
[0.22288131 0.47093436 0.21300837]
[ 0.22323094  0.37632191 -0.02666465]
[0.22343526 0.49177387 0.20916554]
[ 0.22494473  0.35059254 -0.01322919]
[0.22596692 0.49072461 0.21024289]
[0.22604664 0.21527614 0.22424796]
[0.22672647 0.33854206 0.32348878]
[0.22721686 0.33844254 0.32357766]
[0.23116604 0.21438737 0.22377353]
[0.23196688 0.48775086 0.21069398]
[0.23250654 0.2481472  0.18648856]
[ 0.23432533  0.37200165 -0.02263113]
[ 0.23753328  0.36888672 -0.02447603]
[0.23776666 0.28516327 0.0176272 ]
[0.23822699 0.21403727 0.22216181]
[0.24192429 0.48198885 0.21155886]
[0.24328754 0.33472076 0.32713717]
[0.24512816 0.48003077 0.21185178]
[0.24792036 0.33185401 0.32638384]
[0.24954472 0.21347316 0.21958167]
[ 0.2495811   0.35725299 -0.03141324]
[0.25136478 0.33089117 0.32549221]
[0.25464121 0.37148578 0.27430232]
[0.25536982 0.21404638 0.21730965]
[ 0.25537527  0.35344612 -0.03184823]
[0.25609664 0.4728788  0.21062126]
[0.26078886 0.46955668 0.21007996]
[ 0.26146034  0.34946978 -0.03232055]
[0.26185758 0.21474593 0.21471236]
[0.26242716 0.21391527 0.21370099]
[0.26401353 0.32779682 0.32209269]
[ 0.26415615  0.34752658 -0.03239996]
[0.26439739 0.3278313  0.32212381]
[0.26469488 0.32784309 0.3221603 ]
[0.26552137 0.20609793 0.17996995]
[0.26611074 0.20838578 0.20581455]
[0.26628232 0.32827266 0.32205116]
[0.26831437 0.20514249 0.20164887]
[0.2692936  0.20506095 0.20094749]
[0.27195982 0.20488447 0.19754606]
[0.27360942 0.20335621 0.07475951]
[0.2738062  0.22659544 0.12483416]
[0.27450515 0.4606372  0.21245344]
[0.27603428 0.20468536 0.19003603]
[0.27764307 0.20459595 0.18742432]
[0.27854893 0.45796371 0.21317107]
[0.27872506 0.20332828 0.18435181]
[0.27940603 0.20159869 0.17934571]
[0.27949207 0.20071903 0.17653321]
[0.27990046 0.45702621 0.21342884]
[0.28009928 0.33164341 0.3214063 ]
[0.28016531 0.34242598 0.3124799 ]
[0.28048274 0.20126547 0.17192665]
[ 0.28098537  0.33565358 -0.03308007]
[0.28140378 0.33183549 0.3212184 ]
[0.28228585 0.20193998 0.1650472 ]
[0.28455404 0.33261104 0.32050664]
[0.28544602 0.20438534 0.15539553]
[ 0.28652884  0.33213107 -0.03269487]
[0.28658515 0.33379875 0.31947854]
[0.28694343 0.20660329 0.14857894]
[0.28923599 0.21021025 0.13769528]
[0.28987718 0.44919679 0.21570221]
[0.29022718 0.21174404 0.13290802]
[0.29193526 0.2148675  0.12361581]
[0.29318835 0.21042    0.08418929]
[0.29352082 0.21100855 0.08161461]
[0.29440016 0.21966902 0.11128322]
[0.29441222 0.21432102 0.06458865]
[0.29445283 0.21685472 0.0976955 ]
[0.29448144 0.33819984 0.31566067]
[0.29449894 0.21338673 0.07026571]
[0.29470138 0.25115266 0.0328642 ]
[0.29497614 0.21974452 0.1037743 ]
[0.29499798 0.22013208 0.10460387]
[0.29500319 0.22124372 0.10750513]
[0.29504054 0.22135883 0.10723768]
[0.29622189 0.34033501 0.31385477]
[ 0.29662885  0.32427648 -0.03116186]
[ 0.29698921  0.30671419 -0.02110884]
[0.2973195  0.44336367 0.21739507]
[0.29884794 0.34136014 0.30817022]
[0.29926231 0.23193126 0.04925507]
[0.29945438 0.34157427 0.3069552 ]
[0.29995707 0.34192285 0.30520853]
[0.30054626 0.23465148 0.04686777]
[ 0.30065419  0.32105271 -0.03049688]
[0.30139335 0.34314518 0.29923944]
[0.30145487 0.44031567 0.21958686]
[0.30293522 0.24063904 0.04162835]
[0.30318371 0.43882782 0.2205716 ]
[0.30374785 0.34680943 0.29129087]
[ 0.30381737  0.31919936 -0.02898764]
[0.30412187 0.41328109 0.2290329 ]
[0.30480464 0.24450421 0.02712269]
[0.30576719 0.43582105 0.22229417]
[0.30603311 0.35031198 0.28367354]
[0.30667565 0.35193934 0.2823144 ]
[0.30733757 0.35398692 0.28062467]
[0.30810576 0.25326483 0.0260596 ]
[0.30832411 0.25412918 0.02601046]
[0.30884658 0.43139317 0.22461781]
[0.30942415 0.25709567 0.02284177]
[0.30990379 0.36189165 0.27409996]
[0.3102882  0.25911023 0.02065555]
[0.31058045 0.4283811  0.22609241]
[0.31089921 0.36551189 0.27113677]
[ 0.31104857  0.3136431  -0.02464614]
[ 0.31279197  0.31214394 -0.02349163]
[0.31300849 0.37287203 0.2641697 ]
[ 0.31391463  0.3103874  -0.02221373]
[0.31428884 0.42198544 0.2306928 ]
[0.31458835 0.42145122 0.23107173]
[0.31467261 0.42125694 0.23119669]
[0.31488524 0.42059128 0.23158525]
[0.31516838 0.27205469 0.00680527]
[0.3154161 0.4189084 0.2325641]
[ 0.31656965  0.30681345 -0.0195835 ]
[0.31671409 0.38659027 0.25121845]
[0.31673912 0.41467639 0.23530165]
[0.31678682 0.27615372 0.00239796]
[0.31679338 0.38693344 0.25089651]
[0.3170016  0.38795283 0.25040661]
[0.31714127 0.38945114 0.24960175]
[0.31758103 0.40840479 0.23874392]
[0.31771175 0.40736478 0.23941863]
[0.31780901 0.40452857 0.2411265 ]
[ 0.31868005  0.28150361 -0.00052562]
[ 0.31890582  0.30396718 -0.01696982]
[ 0.31954182  0.30099261 -0.01438676]
[ 0.31983162  0.28541313 -0.00271363]
[ 0.32008899  0.28880954 -0.00477969]
[ 0.32046592  0.29213553 -0.00677515]
[ 0.32090551  0.29613492 -0.0101417 ]