[0.13662391 0.42555392 0.30918468]
[0.13662671 0.42552597 0.30921557]
[0.13664836 0.42548713 0.30924792]
[0.13671386 0.42536271 0.3093538 ]
[0.13677901 0.42522709 0.30947297]
[0.13828476 0.4319907  0.30069315]
[0.13933209 0.43362203 0.29816727]
[0.14034876 0.41899475 0.31588286]
[0.14243242 0.41628719 0.31820254]
[0.14286793 0.43876964 0.29005909]
[0.14794825 0.44475544 0.28429793]
[0.15125429 0.44822377 0.28071095]
[0.15324674 0.40626543 0.32408156]
[0.15380722 0.45082811 0.27796912]
[0.15554308 0.4523109  0.27866469]
[0.15658284 0.40319782 0.3258585 ]
[0.15918582 0.40108943 0.32680921]
[0.15930111 0.45565415 0.28025417]
[0.16097952 0.3982807  0.32634912]
[0.16386388 0.45952251 0.28206414]
[0.16793681 0.38622319 0.32454568]
[0.1681402  0.38592639 0.32449386]
[0.17016095 0.44189439 0.27013161]
[0.172257   0.46791024 0.27657233]
[0.17428789 0.38082773 0.32608085]
[0.1758035  0.37971913 0.32642104]
[0.17980114 0.39252625 0.32190542]
[0.18383038 0.47801196 0.27915426]
[0.1840267  0.37011517 0.32526365]
[0.18421705 0.36985167 0.3252024 ]
[0.19261264 0.48563684 0.28110348]
[0.1958363  0.35546132 0.3209807 ]
[0.19908022 0.49122615 0.28253255]
[0.20180949 0.49420846 0.27883687]
[0.20229993 0.34786374 0.3185161 ]
[0.20255759 0.34759213 0.31840896]
[0.20716444 0.49737679 0.27481977]
[0.20882685 0.49839562 0.2735302 ]
[0.21112791 0.49944163 0.2746378 ]
[0.21407377 0.49951905 0.27676555]
[0.21519039 0.49073189 0.28253185]
[0.2183143  0.49925396 0.28004023]
[0.21851648 0.34134539 0.32210688]
[0.2191586  0.4992373  0.28067191]
[0.22265108 0.33969529 0.32310516]
[0.22387714 0.49917348 0.27871137]
[0.22465489 0.49895174 0.27839342]
[0.22672647 0.33854206 0.32348878]
[0.22721686 0.33844254 0.32357766]
[0.2333518  0.49603218 0.27484899]
[0.23388704 0.49572638 0.27463397]
[0.24294641 0.49047018 0.26964387]
[0.24328754 0.33472076 0.32713717]
[0.2452545  0.48908417 0.26836542]
[0.24792036 0.33185401 0.32638384]
[0.25051712 0.48523264 0.26534571]
[0.25136478 0.33089117 0.32549221]
[0.25464121 0.37148578 0.27430232]
[0.25899636 0.47879812 0.2604456 ]
[0.26071075 0.46476518 0.25752553]
[0.26119301 0.47733371 0.26088242]
[0.26401353 0.32779682 0.32209269]
[0.26439739 0.3278313  0.32212381]
[0.26469488 0.32784309 0.3221603 ]
[0.26548062 0.47429435 0.26168925]
[0.26628232 0.32827266 0.32205116]
[0.26979305 0.47092152 0.26242084]
[0.27941322 0.4633572  0.26348447]
[0.28009928 0.33164341 0.3214063 ]
[0.28016531 0.34242598 0.3124799 ]
[0.28049757 0.46239442 0.26357213]
[0.28140378 0.33183549 0.3212184 ]
[0.28417889 0.45926832 0.26647578]
[0.28455404 0.33261104 0.32050664]
[0.28658515 0.33379875 0.31947854]
[0.2922555  0.4519613  0.27314337]
[0.29448144 0.33819984 0.31566067]
[0.29598913 0.44735494 0.27703946]
[0.29622189 0.34033501 0.31385477]
[0.29632502 0.34050723 0.31380935]
[0.29714188 0.41671069 0.29760054]
[0.29886976 0.34493683 0.31263591]
[0.29962166 0.4408784  0.28215158]
[0.30144101 0.3526522  0.31050351]
[0.30188226 0.43583692 0.2860027 ]
[0.30400133 0.36151888 0.30803414]
[0.3048205  0.3651021  0.30702596]
[0.30493699 0.3654976  0.30675965]
[0.30546544 0.42921192 0.28684064]
[0.30736688 0.37509503 0.30008041]
[0.30750641 0.42455148 0.28772195]
[0.30860368 0.41954146 0.28933674]
[0.30885837 0.38096666 0.29599678]
[0.30907458 0.38350116 0.29649896]
[0.30928918 0.40245627 0.29973435]
[0.30932147 0.41534248 0.29158172]
[0.30960468 0.40457099 0.29822115]
[0.30972291 0.41151853 0.29376873]
[0.30977441 0.39286778 0.29831803]