[-0.20553311 -0.16494458 -0.05264334]
[-0.20540216 -0.16642696 -0.05324159]
[-0.20491379 -0.17117125 -0.05541875]
[-0.20474355 -0.17217671 -0.05585773]
[-0.20473682 -0.15368012 -0.04766255]
[-0.20356847 -0.17727964 -0.05798117]
[-0.20322    -0.141657   -0.04218443]
[-0.20266422 -0.18198471 -0.05947491]
[-0.20250705 -0.13884467 -0.04081611]
[-0.20161221 -0.18451697 -0.06012362]
[-0.20012152 -0.07310521 -0.32596402]
[-0.20011841 -0.07437715 -0.32606479]
[-0.20009967 -0.07377638 -0.32594548]
[-0.20007579 -0.12997158 -0.04060111]
[-0.19992828 -0.07007436 -0.32609817]
[-0.19965763 -0.06619326 -0.32627396]
[-0.19952004 -0.19047455 -0.06101011]
[-0.1991177  -0.08070005 -0.32754229]
[-0.19881339 -0.19296627 -0.06143304]
[-0.19854927 -0.06331003 -0.32656135]
[-0.19751738 -0.12130331 -0.04030987]
[-0.1967822  -0.08614622 -0.32908781]
[-0.19675712 -0.19951411 -0.06288905]
[-0.19621235 -0.08762957 -0.32949649]
[-0.19609611 -0.08779573 -0.32955197]
[-0.19558644 -0.05587827 -0.32732044]
[-0.19549265 -0.08848958 -0.32947519]
[-0.19443556 -0.0542444  -0.32757365]
[-0.19424286 -0.10931425 -0.03378877]
[-0.19389206 -0.18210041 -0.05710927]
[-0.19324507 -0.10636247 -0.03207982]
[-0.19185895 -0.0925319  -0.32902871]
[-0.19123564 -0.20921731 -0.06448034]
[-0.19104938 -0.04886525 -0.33060868]
[-0.19057773 -0.04828893 -0.33097436]
[-0.1899334  -0.04786725 -0.33135327]
[-0.18654877 -0.08697599 -0.03079092]
[-0.18590377 -0.09983827 -0.32821754]
[-0.18588131 -0.09986603 -0.32821582]
[-0.18462191 -0.10185423 -0.3280786 ]
[-0.18356181 -0.07836556 -0.03021605]
[-0.18354738 -0.04380682 -0.33506952]
[-0.18304541 -0.07684497 -0.03011661]
[-0.18272403 -0.076069   -0.030055  ]
[-0.18206024 -0.22162672 -0.06603154]
[-0.18100288 -0.10522601 -0.32790592]
[-0.17930077 -0.22506759 -0.06641237]
[-0.17798291 -0.0646506  -0.03511002]
[-0.17752645 -0.06354768 -0.03486147]
[-0.17658916 -0.22922471 -0.06627262]
[-0.17582787 -0.04134778 -0.3387536 ]
[-0.17481524 -0.05677746 -0.03340243]
[-0.17455954 -0.23158483 -0.06612859]
[-0.17428625 -0.0407951  -0.33886361]
[-0.17289406 -0.04036529 -0.33894698]
[-0.17175625 -0.04021005 -0.33896992]
[-0.17055402 -0.1265828  -0.02784909]
[-0.16970987 -0.23467763 -0.067588  ]
[-0.16910398 -0.11856315 -0.32712509]
[-0.16877696 -0.04240742 -0.0442555 ]
[-0.16785715 -0.07209787 -0.33157349]
[-0.16783933 -0.23837766 -0.06637525]
[-0.16704595 -0.06445425 -0.02709108]
[-0.16636523 -0.03638316 -0.04292022]
[-0.16586554 -0.2304528  -0.06492162]
[-0.16558675 -0.11903346 -0.32722291]
[-0.16482595 -0.03274453 -0.04211644]
[-0.16405297 -0.03101232 -0.04434025]
[-0.16321178 -0.11933044 -0.3274154 ]
[-0.16270112 -0.23879093 -0.06994958]
[-0.16176211 -0.02584795 -0.05095901]
[-0.16097187 -0.02404864 -0.05271733]
[-0.15986039 -0.03889673 -0.33913832]
[-0.15427207 -0.03919709 -0.33900592]
[-0.15371713 -0.03920577 -0.33899765]
[-0.15262538 -0.04113203 -0.04448959]
[-0.15117233 -0.00099558 -0.07507164]
[-0.15073005 -0.11353583 -0.32914202]
[-0.1478388   0.00681453 -0.08029325]
[-0.14734776  0.0078906  -0.0810331 ]
[-0.14544433  0.01175158 -0.09216757]
[-0.14522781 -0.1103673  -0.32996285]
[-0.1449664  -0.25630288 -0.07089404]
[-0.14415846 -0.03914341 -0.33807324]
[-0.14212652 -0.10894824 -0.33384034]
[-0.14199963  0.01919428 -0.1001836 ]
[-0.14142988 -0.25985555 -0.07113884]
[-0.14110172  0.00215588 -0.08279157]
[-0.13960812 -0.26120868 -0.07082038]
[-0.1392767  -0.10764425 -0.33740341]
[-0.13872997 -0.10675396 -0.33848065]
[-0.13842464 -0.10585397 -0.33932999]
[-0.13653783 -0.0406227  -0.33692643]
[-0.13592669 -0.10397889 -0.34290335]
[-0.13390757 -0.09833554 -0.34263494]
[-0.13221955  0.03889705 -0.1214763 ]
[-0.130306    0.04250176 -0.1306667 ]
[-0.12975206 -0.20477024 -0.01740978]
[-0.1294894   0.04413899 -0.13486355]
[-0.12934935  0.04438728 -0.13549306]
[-0.12920684 -0.26930106 -0.06934395]
[-0.12906897  0.04476521 -0.13642223]
[-0.12842112  0.04567685 -0.13867587]
[-0.12746039  0.0478491  -0.13897235]
[-0.12682952 -0.04331967 -0.33524768]
[-0.12547301 -0.04391787 -0.33564606]
[-0.12519332 -0.27211534 -0.0690374 ]
[-0.12425889 -0.08629584 -0.34327177]
[-0.12319669 -0.27081175 -0.06554047]
[-0.12229713 -0.27414614 -0.0688162 ]
[-0.12155223 -0.0827848  -0.34343323]
[-0.12016338 -0.27758776 -0.0669927 ]
[-0.12013975 -0.08101699 -0.34342088]
[-0.11938822  0.06667943 -0.14158198]
[-0.11934197 -0.27889918 -0.0662618 ]
[-0.11700418 -0.05250584 -0.33900036]
[-0.11495667  0.07182059 -0.15879482]
[-0.11462739  0.07223207 -0.16013286]
[-0.11339634  0.07316208 -0.16391635]
[-0.11227473  0.0740848  -0.16751455]
[-0.11217876 -0.05926943 -0.34124577]
[-0.1079328  -0.06522502 -0.3432223 ]
[-0.10531538  0.08249687 -0.18497266]
[-0.10332437 -0.2931357  -0.06190345]
[-0.10225676  0.08463136 -0.1901985 ]
[-0.10049836  0.04867763 -0.13497901]
[-0.10034842 -0.29579266 -0.06109823]
[-0.09982892  0.08173507 -0.19893267]
[-0.09840661  0.07949091 -0.20623685]
[-0.09690894  0.07799096 -0.21047913]
[-0.09665285 -0.29823395 -0.0597724 ]
[-0.09643901  0.0777054  -0.21163823]
[-0.08790198 -0.3043107  -0.05674531]
[-0.08766748  0.07344614 -0.22579741]
[-0.08758952  0.07337055 -0.22595207]
[-0.08727242  0.07307794 -0.22653015]
[-0.08137952 -0.30929978 -0.05398456]
[-0.07524146  0.06461983 -0.23938325]
[-0.07338872  0.06347425 -0.24082357]
[-0.07312977 -0.31341491 -0.04985484]
[-0.07134197  0.06232142 -0.24202763]
[-0.06935304 -0.31522888 -0.04794394]
[-0.06839555  0.06455051 -0.24213048]
[-0.06696717 -0.31567897 -0.04653457]
[-0.06510038 -0.31548314 -0.04645044]
[-0.05750428  0.07312741 -0.24563673]
[-0.05701899 -0.05793924 -0.06378165]
[-0.05666896 -0.29173927 -0.03293057]
[-0.05513631  0.07096206 -0.24694604]
[-0.05513388  0.06950699 -0.19552953]
[-0.05494281 -0.31393692 -0.04571638]
[-0.04689635 -0.31060148 -0.04392168]
[-0.04654084 -0.31044603 -0.04383774]
[-0.04619872 -0.31049362 -0.04318042]
[-0.04509479 -0.31062729 -0.04102443]
[-0.04477722 -0.31067551 -0.04042136]
[-0.04401431  0.06080657 -0.25362154]
[-0.0428173   0.0597166  -0.25444709]
[-0.04167239  0.05865211 -0.25445904]
[-0.0415536  -0.30876712 -0.03009013]
[-0.03950042 -0.30774587 -0.02385098]
[-0.03920843  0.05634059 -0.25375506]
[-0.03871096 -0.30701385 -0.02405198]
[-0.03441016 -0.30234944 -0.02543203]
[-0.03116615  0.0488366  -0.25289874]
[-0.02924493 -0.19633979 -0.03638446]
[-0.02896441 -0.29491408 -0.02782374]
[-0.02813966 -0.29393974 -0.02812204]
[-0.02568231 -0.2899978  -0.02453019]
[-0.02295412 -0.28580967 -0.02068727]
[-0.02159021 -0.28361993 -0.01869227]
[-0.01395228 -0.26509065 -0.00270028]
[-0.01349454 -0.21527601 -0.30689656]
[-0.01314434 -0.26917457 -0.00565726]
[-0.01302711 -0.21397806 -0.30701979]
[-0.01246131 -0.21568644 -0.30714326]
[-0.01191567 -0.26707281 -0.00375465]
[-0.01165412 -0.26663658 -0.00357477]
[-0.01081371 -0.26539012 -0.00306763]
[-0.01043284 -0.21686251 -0.30762468]
[-0.00922254 -0.20355668 -0.30802163]
[-0.00869385 -0.26218185 -0.0049774 ]
[-0.00690073 -0.19868086 -0.3086214 ]
[-0.00647052 -0.19767275 -0.30873335]
[-0.00526787 -0.2203385  -0.30884673]
[-0.00491821  0.02937121 -0.25073842]
[-0.00464355 -0.22075973 -0.30899948]
[-0.00287939 -0.19392218 -0.3139608 ]
[-0.00211151 -0.25221544 -0.01112984]
[-0.00197158 -0.19191278 -0.31617675]
[-0.00146915 -0.19037428 -0.31776254]
[ 0.00113581 -0.18396905 -0.32465998]
[ 0.00154211  0.02401762 -0.25013567]
[ 0.00370208 -0.17857773 -0.32594555]
[ 0.00379417 -0.24397527 -0.0162835 ]
[ 0.0076199  -0.22805694 -0.31199851]
[ 0.00820993 -0.22843701 -0.31214284]
[ 0.00835485 -0.16867733 -0.32830632]
[ 0.00840163 -0.22851813 -0.31218968]
[ 0.00964337 -0.16594944 -0.32886902]
[ 0.01160985 -0.23026494 -0.31297403]
[ 0.01269206 -0.23177883 -0.02393415]
[ 0.01317625 -0.23113584 -0.31335701]
[ 0.0131982  -0.2310858  -0.02438831]
[ 0.01327674 -0.23115367 -0.31328355]
[ 0.01563808  0.01284855 -0.24526339]
[ 0.01842965  0.01064792 -0.24422001]
[ 0.0202752  -0.15662239 -0.33082058]
[ 0.02101058  0.01132163 -0.2244428 ]
[ 0.0215614  -0.15524898 -0.33110671]
[ 0.02198352 -0.154816   -0.33126524]
[ 0.02340881 -0.0025216  -0.24035795]
[ 0.02361319 -0.23458789 -0.3044042 ]
[ 0.02381085 -0.00368413 -0.24028107]
[ 0.02602693 -0.23557655 -0.30330157]
[ 0.03119747 -0.21085592 -0.03815796]
[ 0.03147494 -0.21282983 -0.31779266]
[ 0.03162929 -0.21035302 -0.03838016]
[ 0.03226674 -0.14499798 -0.33491001]
[ 0.03249309 -0.14422152 -0.33515692]
[ 0.03439163 -0.23605944 -0.30148124]
[ 0.03483085 -0.14594835 -0.33480794]
[ 0.03586334 -0.16537053 -0.32910344]
[ 0.03592187 -0.14736487 -0.33446344]
[ 0.03872257 -0.23653215 -0.30038737]
[ 0.03900986 -0.20143596 -0.04228909]
[ 0.04001341 -0.14998041 -0.06017536]
[ 0.04240709 -0.00780877 -0.2371738 ]
[ 0.04356063 -0.15628388 -0.32986789]
[ 0.04417408 -0.00936628 -0.23686802]
[ 0.04577505 -0.15882026 -0.32855035]
[ 0.04621959 -0.15939479 -0.32842814]
[ 0.04629579 -0.00018191 -0.11494954]
[ 0.04635674 -0.192978   -0.04603565]
[ 0.04723587 -0.23598169 -0.29924298]
[ 0.05208435 -0.16712797 -0.32679867]
[ 0.05243357 -0.16756312 -0.32665013]
[ 0.05359484 -0.23652664 -0.30083951]
[ 0.05399624 -0.23656876 -0.30093232]
[ 0.05404546 -0.23656786 -0.30094996]
[ 0.05408729 -0.23655252 -0.30097999]
[ 0.05434089 -0.23650583 -0.30111431]
[ 0.05818342 -0.17544244 -0.32402655]
[ 0.05881007 -0.02214825 -0.22711542]
[ 0.061145   -0.17681522 -0.05736314]
[ 0.06264859 -0.18200182 -0.32187947]
[ 0.06306161 -0.18260516 -0.3216745 ]
[ 0.06385135 -0.23477753 -0.30612769]
[ 0.06568002 -0.23350118 -0.30806624]
[ 0.06654429 -0.02672109 -0.22224302]
[ 0.0685028  -0.16916072 -0.06469978]
[ 0.0692497  -0.02733286 -0.22066602]
[ 0.06976304 -0.19880884 -0.31670615]
[ 0.07011514 -0.22948511 -0.31371815]
[ 0.0706291  -0.22791338 -0.31551526]
[ 0.07213754 -0.20438318 -0.31498852]
[ 0.07222352 -0.2057989  -0.31461546]
[ 0.07226075 -0.20676864 -0.31464722]
[ 0.07248819 -0.22160915 -0.31515784]
[ 0.0734457  -0.16355734 -0.06985408]
[ 0.07867839 -0.12135704 -0.09548375]
[ 0.08041829 -0.02999403 -0.21527202]
[ 0.08087241 -0.02771518 -0.19540878]
[ 0.08203061 -0.15398921 -0.0794416 ]
[ 0.0853779  -0.03363206 -0.21233676]
[ 0.08557269 -0.14982243 -0.08351652]
[ 0.08788257 -0.07457959 -0.15691565]
[ 0.09054345 -0.14431797 -0.09068051]
[ 0.09105707 -0.03752165 -0.20690311]
[ 0.09241946 -0.03801137 -0.20571428]
[ 0.09624751 -0.13800149 -0.09890134]
[ 0.09764382 -0.13638527 -0.1009562 ]
[ 0.10170099 -0.04100984 -0.19649466]
[ 0.10339722 -0.04556666 -0.19339837]
[ 0.10755101 -0.12291489 -0.10739008]
[ 0.10804754 -0.12204396 -0.10774536]
[ 0.10919725 -0.05631012 -0.18724597]
[ 0.1114035  -0.06148268 -0.18391024]
[ 0.11416479 -0.11252964 -0.12213437]
[ 0.1150254  -0.06819182 -0.17881783]
[ 0.11657273 -0.10897958 -0.12755927]
[ 0.11680488 -0.09545348 -0.16706902]
[ 0.11688933 -0.08851287 -0.16890736]
[ 0.11717743 -0.08025544 -0.17119534]
[ 0.11770468 -0.0956245  -0.16530825]
[ 0.1178956  -0.07500365 -0.17319752]
[ 0.1179422  -0.07532848 -0.17287918]
[ 0.11861341 -0.09564175 -0.16285515]
[ 0.11894359 -0.10522161 -0.13122683]
[ 0.12270209 -0.09453041 -0.1466565 ]
[ 0.12311074 -0.09442991 -0.14508344]
[ 0.12346372 -0.0939841  -0.14216621]
[ 0.12348221 -0.0939586  -0.14200412]