[-0.20553311 -0.16494458 -0.05264334]
[-0.20540216 -0.16642696 -0.05324159]
[-0.20491379 -0.17117125 -0.05541875]
[-0.20474355 -0.17217671 -0.05585773]
[-0.20473682 -0.15368012 -0.04766255]
[-0.20356847 -0.17727964 -0.05798117]
[-0.20322    -0.141657   -0.04218443]
[-0.20266422 -0.18198471 -0.05947491]
[-0.20250705 -0.13884467 -0.04081611]
[-0.20161221 -0.18451697 -0.06012362]
[-0.20012152 -0.07310521 -0.32596402]
[-0.20011841 -0.07437715 -0.32606479]
[-0.20009967 -0.07377638 -0.32594548]
[-0.20007579 -0.12997158 -0.04060111]
[-0.19992828 -0.07007436 -0.32609817]
[-0.19965763 -0.06619326 -0.32627396]
[-0.1991177  -0.08070005 -0.32754229]
[-0.19854927 -0.06331003 -0.32656135]
[-0.19751738 -0.12130331 -0.04030987]
[-0.19733367 -0.18939153 -0.06513773]
[-0.1967822  -0.08614622 -0.32908781]
[-0.19621235 -0.08762957 -0.32949649]
[-0.19609611 -0.08779573 -0.32955197]
[-0.19558644 -0.05587827 -0.32732044]
[-0.19549265 -0.08848958 -0.32947519]
[-0.19443556 -0.0542444  -0.32757365]
[-0.19424286 -0.10931425 -0.03378877]
[-0.19389206 -0.18210041 -0.05710927]
[-0.19382722 -0.19386822 -0.06976528]
[-0.19371454 -0.19413459 -0.06987472]
[-0.19324507 -0.10636247 -0.03207982]
[-0.19185895 -0.0925319  -0.32902871]
[-0.19104938 -0.04886525 -0.33060868]
[-0.19057773 -0.04828893 -0.33097436]
[-0.19024243 -0.20018304 -0.07090572]
[-0.1899334  -0.04786725 -0.33135327]
[-0.18654877 -0.08697599 -0.03079092]
[-0.18590377 -0.09983827 -0.32821754]
[-0.18588131 -0.09986603 -0.32821582]
[-0.18462191 -0.10185423 -0.3280786 ]
[-0.18356181 -0.07836556 -0.03021605]
[-0.18354738 -0.04380682 -0.33506952]
[-0.18304541 -0.07684497 -0.03011661]
[-0.18272403 -0.076069   -0.030055  ]
[-0.18100288 -0.10522601 -0.32790592]
[-0.17798291 -0.0646506  -0.03511002]
[-0.17752645 -0.06354768 -0.03486147]
[-0.17728472 -0.21996954 -0.07173263]
[-0.17582787 -0.04134778 -0.3387536 ]
[-0.1752327  -0.22297219 -0.07172177]
[-0.17481524 -0.05677746 -0.03340243]
[-0.17428625 -0.0407951  -0.33886361]
[-0.17389071 -0.22472741 -0.07148864]
[-0.17289406 -0.04036529 -0.33894698]
[-0.17175625 -0.04021005 -0.33896992]
[-0.17055402 -0.1265828  -0.02784909]
[-0.16910398 -0.11856315 -0.32712509]
[-0.16877696 -0.04240742 -0.0442555 ]
[-0.16785715 -0.07209787 -0.33157349]
[-0.16704595 -0.06445425 -0.02709108]
[-0.16659211 -0.23258406 -0.07141717]
[-0.16636523 -0.03638316 -0.04292022]
[-0.16586554 -0.2304528  -0.06492162]
[-0.16558675 -0.11903346 -0.32722291]
[-0.16482595 -0.03274453 -0.04211644]
[-0.16405297 -0.03101232 -0.04434025]
[-0.16321178 -0.11933044 -0.3274154 ]
[-0.16270112 -0.23879093 -0.06994958]
[-0.16176211 -0.02584795 -0.05095901]
[-0.16097187 -0.02404864 -0.05271733]
[-0.15986039 -0.03889673 -0.33913832]
[-0.15427207 -0.03919709 -0.33900592]
[-0.15371713 -0.03920577 -0.33899765]
[-0.15262538 -0.04113203 -0.04448959]
[-0.15117233 -0.00099558 -0.07507164]
[-0.15073005 -0.11353583 -0.32914202]
[-0.1478388   0.00681453 -0.08029325]
[-0.14734776  0.0078906  -0.0810331 ]
[-0.14522781 -0.1103673  -0.32996285]
[-0.1449664  -0.25630288 -0.07089404]
[-0.14415846 -0.03914341 -0.33807324]
[-0.14309618  0.01741559 -0.08189636]
[-0.14212652 -0.10894824 -0.33384034]
[-0.14142988 -0.25985555 -0.07113884]
[-0.14110172  0.00215588 -0.08279157]
[-0.1400437   0.02433739 -0.0802994 ]
[-0.13960812 -0.26120868 -0.07082038]
[-0.1392767  -0.10764425 -0.33740341]
[-0.13872997 -0.10675396 -0.33848065]
[-0.13842464 -0.10585397 -0.33932999]
[-0.13718365  0.03048226 -0.07883649]
[-0.13653783 -0.0406227  -0.33692643]
[-0.13592669 -0.10397889 -0.34290335]
[-0.13390757 -0.09833554 -0.34263494]
[-0.13378259  0.03938167 -0.07694082]
[-0.12975206 -0.20477024 -0.01740978]
[-0.12920684 -0.26930106 -0.06934395]
[-0.12682952 -0.04331967 -0.33524768]
[-0.12547301 -0.04391787 -0.33564606]
[-0.1252041   0.05891585 -0.07244484]
[-0.12519332 -0.27211534 -0.0690374 ]
[-0.12425889 -0.08629584 -0.34327177]
[-0.12319669 -0.27081175 -0.06554047]
[-0.12229713 -0.27414614 -0.0688162 ]
[-0.12155223 -0.0827848  -0.34343323]
[-0.12013975 -0.08101699 -0.34342088]
[-0.11974373  0.07128329 -0.0670666 ]
[-0.11824085 -0.27547838 -0.06979696]
[-0.11805634 -0.27554591 -0.06984855]
[-0.11776031 -0.27564848 -0.06992551]
[-0.11710898 -0.27587707 -0.07009775]
[-0.11700418 -0.05250584 -0.33900036]
[-0.11640956  0.07892165 -0.06706493]
[-0.11495616  0.08236145 -0.06706993]
[-0.11369481  0.08526451 -0.06468921]
[-0.11217876 -0.05926943 -0.34124577]
[-0.1079328  -0.06522502 -0.3432223 ]
[-0.10620332  0.09995042 -0.05178964]
[-0.10273989  0.0675501  -0.06483818]
[-0.10099174  0.11039709 -0.04270417]
[-0.09974257  0.11287867 -0.04014332]
[-0.09870965  0.11499405 -0.03911105]
[-0.09844378  0.11552436 -0.03884861]
[-0.09840432 -0.27932865 -0.07814583]
[-0.0974107   0.11220718 -0.03906551]
[-0.09623749 -0.2795696  -0.07900004]
[-0.09424295  0.12411571 -0.03737187]
[-0.07981764  0.14997547 -0.03268997]
[-0.07803529 -0.28204519 -0.0863977 ]
[-0.07680368 -0.28204454 -0.08709072]
[-0.07602972  0.15682829 -0.03512914]
[-0.07239565  0.16326851 -0.02956779]
[-0.06779225  0.15508147 -0.03054444]
[-0.06751675  0.17202268 -0.02845106]
[-0.0655882  -0.28115767 -0.09280306]
[-0.06447878  0.17777592 -0.02771839]
[-0.06436333  0.17799348 -0.02771635]
[-0.06411171 -0.28090649 -0.09346374]
[-0.06349372 -0.26473858 -0.08282719]
[-0.06188706  0.23166669 -0.34060443]
[-0.06172347  0.23942162 -0.34124341]
[-0.06164535  0.22847848 -0.34041886]
[-0.06132856  0.18247984 -0.02787007]
[-0.06073307  0.24280125 -0.34175129]
[-0.06038419  0.24408481 -0.34219605]
[-0.06021415  0.22108105 -0.34020553]
[-0.05889571  0.24899517 -0.34392609]
[-0.05853292  0.21657084 -0.34027731]
[-0.05813298  0.2156076  -0.34030284]
[-0.05701899 -0.05793924 -0.06378165]
[-0.05681368 -0.28661854 -0.08840011]
[-0.05632027  0.25342629 -0.34571634]
[-0.05578428  0.20939325 -0.34150606]
[-0.05409709  0.25764586 -0.3473785 ]
[-0.05404323  0.25769476 -0.34740299]
[-0.05169722  0.20222893 -0.34347242]
[-0.05106867 -0.29090308 -0.08428406]
[-0.05100151  0.26045804 -0.34882695]
[-0.04969172  0.2003337  -0.02835   ]
[-0.049039   -0.29177526 -0.08243664]
[-0.0475034   0.26388483 -0.35054077]
[-0.04612173  0.19143729 -0.34619043]
[-0.04254321  0.18718995 -0.34784141]
[-0.04184997  0.26685165 -0.35252326]
[-0.04146702  0.21368385 -0.02856617]
[-0.03976234  0.26781144 -0.35321377]
[-0.03976068  0.2170735  -0.03122736]
[-0.03908536  0.18301808 -0.34973253]
[-0.03749112 -0.29383347 -0.07686165]
[-0.03733838  0.09112622 -0.07195456]
[-0.03707114  0.26831903 -0.3538805 ]
[-0.03667292 -0.29396893 -0.07646385]
[-0.03538943  0.25018014 -0.34864642]
[-0.03522599 -0.29371743 -0.07562812]
[-0.03514413  0.26867224 -0.35446397]
[-0.03412054  0.2278913  -0.03981663]
[-0.03389213  0.1755033  -0.35275991]
[-0.03354708  0.22867881 -0.03931515]
[-0.03186288  0.17371623 -0.35377065]
[-0.03039419  0.17241204 -0.35419836]
[-0.02942683  0.26972361 -0.35619612]
[-0.02924493 -0.19633979 -0.03638446]
[-0.02618141  0.26967787 -0.35697932]
[-0.02403238 -0.2914813  -0.0690846 ]
[-0.02402598  0.16670991 -0.3560528 ]
[-0.02287192  0.17798384 -0.35642321]
[-0.0216392  -0.28991671 -0.06739298]
[-0.02124786  0.24381379 -0.02942144]
[-0.02096611  0.16397007 -0.35694384]
[-0.01983125  0.24534145 -0.02838775]
[-0.01904227  0.26972196 -0.35874723]
[-0.01821788 -0.2874991  -0.066752  ]
[-0.01790392  0.16229604 -0.35783853]
[-0.01490525  0.26927764 -0.35962543]
[-0.01349454 -0.21527601 -0.30689656]
[-0.01302711 -0.21397806 -0.30701979]
[-0.01264893 -0.2833175  -0.06574285]
[-0.01246131 -0.21568644 -0.30714326]
[-0.01101207  0.26892296 -0.36003929]
[-0.01043284 -0.21686251 -0.30762468]
[-0.00922254 -0.20355668 -0.30802163]
[-0.00888789  0.15738065 -0.35857357]
[-0.00881065 -0.27862349 -0.06529857]
[-0.00793163  0.26858596 -0.3603431 ]
[-0.00764514  0.26067733 -0.03014045]
[-0.00690073 -0.19868086 -0.3086214 ]
[-0.00680754  0.26181609 -0.03024685]
[-0.00647052 -0.19767275 -0.30873335]
[-0.00620358 -0.27463557 -0.0651077 ]
[-0.00566409 -0.27123593 -0.05729878]
[-0.00557848 -0.26606073 -0.04591705]
[-0.00526787 -0.2203385  -0.30884673]
[-0.00499262  0.15550083 -0.35887216]
[-0.00497521 -0.26469168 -0.04504055]
[-0.00484899  0.264438   -0.03050242]
[-0.00464355 -0.22075973 -0.30899948]
[-0.00287939 -0.19392218 -0.3139608 ]
[-0.00278222 -0.25913079 -0.04164646]
[-0.00197158 -0.19191278 -0.31617675]
[-0.00146915 -0.19037428 -0.31776254]
[ 0.00113581 -0.18396905 -0.32465998]
[ 0.00155657 -0.24962145 -0.03546249]
[ 0.00178986 -0.24913754 -0.03513973]
[ 0.00199143  0.26650175 -0.36090249]
[ 0.00275894  0.27593307 -0.03127735]
[ 0.00348314  0.15431824 -0.35929553]
[ 0.00361989  0.15428907 -0.35930315]
[ 0.00370208 -0.17857773 -0.32594555]
[ 0.00461892 -0.24342983 -0.03187109]
[ 0.00655141  0.2816233  -0.03119901]
[ 0.00659714  0.20032706 -0.04520141]
[ 0.00726434  0.15373365 -0.36058578]
[ 0.0076199  -0.22805694 -0.31199851]
[ 0.00820993 -0.22843701 -0.31214284]
[ 0.00835485 -0.16867733 -0.32830632]
[ 0.00840163 -0.22851813 -0.31218968]
[ 0.0092154   0.26409541 -0.36093646]
[ 0.00964337 -0.16594944 -0.32886902]
[ 0.01160985 -0.23026494 -0.31297403]
[ 0.01245496  0.29133917 -0.03082969]
[ 0.01269206 -0.23177883 -0.02393415]
[ 0.01317625 -0.23113584 -0.31335701]
[ 0.0131982  -0.2310858  -0.02438831]
[ 0.01327674 -0.23115367 -0.31328355]
[ 0.01360501  0.26236275 -0.36084356]
[ 0.01424612  0.29435152 -0.03136607]
[ 0.01568597  0.26170377 -0.36013553]
[ 0.01678855  0.15418181 -0.36331835]
[ 0.01782549  0.30092351 -0.03238319]
[ 0.01851519  0.30184024 -0.03261384]
[ 0.0202752  -0.15662239 -0.33082058]
[ 0.0215614  -0.15524898 -0.33110671]
[ 0.02198352 -0.154816   -0.33126524]
[ 0.02324739  0.1583297  -0.36391816]
[ 0.02361319 -0.23458789 -0.3044042 ]
[ 0.02498572  0.24539931 -0.35536674]
[ 0.02602693 -0.23557655 -0.30330157]
[ 0.02641047  0.28733009 -0.03773264]
[ 0.02714119  0.2566204  -0.35606316]
[ 0.02730853  0.25651437 -0.35599986]
[ 0.02782593  0.31466433 -0.02679608]
[ 0.02920268  0.25496864 -0.35626689]
[ 0.03103589  0.31948329 -0.02463286]
[ 0.03119747 -0.21085592 -0.03815796]
[ 0.0312087   0.16155731 -0.3613839 ]
[ 0.03147494 -0.21282983 -0.31779266]
[ 0.03162929 -0.21035302 -0.03838016]
[ 0.03199816  0.25198317 -0.35664446]
[ 0.03226674 -0.14499798 -0.33491001]
[ 0.03246144  0.32148333 -0.02372763]
[ 0.03249309 -0.14422152 -0.33515692]
[ 0.03423498  0.25020205 -0.35696084]
[ 0.03439163 -0.23605944 -0.30148124]
[ 0.03481783  0.18736726 -0.3579479 ]
[ 0.03483085 -0.14594835 -0.33480794]
[ 0.03586334 -0.16537053 -0.32910344]
[ 0.03592187 -0.14736487 -0.33446344]
[ 0.03657391  0.3271437  -0.02115953]
[ 0.03720495  0.16198236 -0.3596636 ]
[ 0.03872257 -0.23653215 -0.30038737]
[ 0.03900986 -0.20143596 -0.04228909]
[ 0.03934096  0.16408002 -0.36165346]
[ 0.04001341 -0.14998041 -0.06017536]
[ 0.04101745  0.24441923 -0.35865508]
[ 0.04187014  0.17002676 -0.36407302]
[ 0.04235903  0.33598536 -0.02059777]
[ 0.04356063 -0.15628388 -0.32986789]
[ 0.04577505 -0.15882026 -0.32855035]
[ 0.04621959 -0.15939479 -0.32842814]
[ 0.04628806  0.23542349 -0.36022581]
[ 0.04629579 -0.00018191 -0.11494954]
[ 0.04635674 -0.192978   -0.04603565]
[ 0.04683111  0.17846363 -0.36875984]
[ 0.04723587 -0.23598169 -0.29924298]
[ 0.04723927  0.330435   -0.01900908]
[ 0.04755332  0.3436576  -0.01916866]
[ 0.04925262  0.23055199 -0.36092409]
[ 0.04998904  0.34783506 -0.02051073]
[ 0.05030099  0.2290813  -0.36116943]
[ 0.05208435 -0.16712797 -0.32679867]
[ 0.05243357 -0.16756312 -0.32665013]
[ 0.05288545  0.184935   -0.37023464]
[ 0.05292024  0.35351149 -0.02212513]
[ 0.05352678  0.18989235 -0.36884167]
[ 0.05359484 -0.23652664 -0.30083951]
[ 0.05399624 -0.23656876 -0.30093232]
[ 0.05404546 -0.23656786 -0.30094996]
[ 0.05408729 -0.23655252 -0.30097999]
[ 0.05434089 -0.23650583 -0.30111431]
[ 0.05592411  0.20288434 -0.36436695]
[ 0.0563327   0.21597546 -0.36261039]
[ 0.0569145   0.20765663 -0.36279407]
[ 0.05818342 -0.17544244 -0.32402655]
[ 0.061145   -0.17681522 -0.05736314]
[ 0.06264859 -0.18200182 -0.32187947]
[ 0.06306161 -0.18260516 -0.3216745 ]
[ 0.06385135 -0.23477753 -0.30612769]
[ 0.06464768  0.37220419 -0.02858842]
[ 0.06568002 -0.23350118 -0.30806624]
[ 0.0685028  -0.16916072 -0.06469978]
[ 0.06882665  0.37949925 -0.03089088]
[ 0.06885079  0.37954789 -0.030942  ]
[ 0.06976304 -0.19880884 -0.31670615]
[ 0.07011514 -0.22948511 -0.31371815]
[ 0.0706291  -0.22791338 -0.31551526]
[ 0.07209417  0.38703967 -0.03859013]
[ 0.07213754 -0.20438318 -0.31498852]
[ 0.07222352 -0.2057989  -0.31461546]
[ 0.07226075 -0.20676864 -0.31464722]
[ 0.07248819 -0.22160915 -0.31515784]
[ 0.07316016  0.39003696 -0.04153958]
[ 0.0734457  -0.16355734 -0.06985408]
[ 0.07418194  0.39327538 -0.04466437]
[ 0.07447253  0.39401392 -0.04516222]
[ 0.07760331  0.40058785 -0.04978233]
[ 0.07867839 -0.12135704 -0.09548375]
[ 0.08054839  0.40395531 -0.05261392]
[ 0.08075028  0.40420344 -0.05281733]
[ 0.08095529  0.40426528 -0.05292165]
[ 0.08140871  0.40429109 -0.0530927 ]
[ 0.08203061 -0.15398921 -0.0794416 ]
[ 0.08557269 -0.14982243 -0.08351652]
[ 0.08557339  0.40446346 -0.05462901]
[ 0.09059343  0.40555849 -0.05447996]
[ 0.09464787 -0.13738537 -0.08653416]
[ 0.0947292  -0.13726829 -0.08653754]
[ 0.09776082  0.38220186 -0.04688332]
[ 0.09894453  0.08956833 -0.01703496]
[ 0.09985166  0.4074431  -0.0541651 ]
[ 0.10080363  0.40765938 -0.05413939]
[ 0.10157803  0.40774992 -0.05409317]
[ 0.10166802  0.40774975 -0.05408463]
[ 0.1038764  -0.1235007  -0.08706648]
[ 0.10662219 -0.06280438 -0.05900241]
[ 0.11284128 -0.10728358 -0.0765066 ]
[ 0.11356223  0.40795238 -0.05258499]
[ 0.11637816 -0.10136097 -0.07255229]
[ 0.11669913  0.28276731 -0.00752103]
[ 0.11905297 -0.09676997 -0.06895543]
[ 0.12427042  0.40606431 -0.05060971]
[ 0.12484345 -0.08552659 -0.0605397 ]
[ 0.13200668  0.40581533 -0.04714195]
[ 0.13654819 -0.06749495 -0.07277923]
[ 0.13670212 -0.06724318 -0.07294523]
[ 0.13679964 -0.06704822 -0.07267241]
[ 0.14013051 -0.05969186 -0.06229451]
[ 0.14106477  0.4057445  -0.04322106]
[ 0.14232654 -0.05565949 -0.0566945 ]
[ 0.14319841 -0.05429626 -0.05713043]
[ 0.14669423  0.40541527 -0.04060417]
[ 0.14697132 -0.04810235 -0.05913891]
[ 0.15141908  0.40475631 -0.03816613]
[ 0.15279663 -0.03850294 -0.06225492]
[ 0.15733116 -0.00059873 -0.07728292]
[ 0.16074605 -0.02426812 -0.06697722]
[ 0.16233959  0.38904126 -0.02356812]
[ 0.16673932  0.40410615 -0.02771241]
[ 0.16691815  0.40409906 -0.02759062]
[0.1671909  0.17100011 0.03498137]
[ 0.16873203 -0.00997508 -0.07706692]
[ 0.16890401 -0.00965676 -0.07728936]
[ 0.1693595   0.40261667 -0.0282874 ]
[ 1.74125077e-01 -8.07878480e-05 -7.60663206e-02]
[ 0.18285005  0.39442841 -0.03213821]
[ 0.18352757  0.39401117 -0.03233069]
[ 0.18357619  0.3939905  -0.03232893]
[ 0.18424945  0.39369091 -0.0322954 ]
[ 0.18558483  0.02084864 -0.06528397]
[ 0.18628186  0.0482422  -0.05199419]
[ 0.18680789  0.39243567 -0.03208837]
[ 0.18965788  0.02718397 -0.0619854 ]
[ 0.19593486  0.03683306 -0.05516618]
[ 0.19967677  0.04261963 -0.0516242 ]
[ 0.20179867  0.04625297 -0.04945116]
[ 0.21019565  0.06056925 -0.04249901]
[ 0.21047696  0.06104241 -0.04243819]
[ 0.21308792  0.37964431 -0.03003154]
[ 0.22067687  0.17655684 -0.38055722]
[ 0.22074471  0.17614323 -0.38027178]
[ 0.22095449  0.07870274 -0.04017867]
[ 0.22183434  0.16061655 -0.3827524 ]
[ 0.22202664  0.16514408 -0.38192734]
[ 0.22209228  0.18243065 -0.38426391]
[ 0.22301599  0.15666824 -0.3832028 ]
[ 0.2231455   0.10761786 -0.04361655]
[ 0.22323094  0.37632191 -0.02666465]
[ 0.22330823  0.18751896 -0.38747639]
[ 0.22466858  0.18941215 -0.38853921]
[ 0.22476659  0.18956119 -0.38862421]
[ 0.22494473  0.35059254 -0.01322919]
[ 0.22627582  0.15160471 -0.38343252]
[ 0.22777329  0.09012735 -0.04060218]
[ 0.23065804  0.19890465 -0.39086288]
[ 0.23192855  0.09774388 -0.04094587]
[ 0.23409251  0.13918311 -0.38473215]
[ 0.23432533  0.37200165 -0.02263113]
[ 0.23432704  0.13864379 -0.38480678]
[ 0.23452342  0.13829934 -0.38484636]
[ 0.23503642  0.13788009 -0.38484695]
[ 0.23534027  0.20223299 -0.3909825 ]
[ 0.23658592  0.1066748  -0.03645503]
[ 0.23753328  0.36888672 -0.02447603]
[0.23776666 0.28516327 0.0176272 ]
[ 0.23977013  0.2053456  -0.39108096]
[ 0.24297083  0.11921437 -0.02663608]
[ 0.24352451  0.13179679 -0.3846742 ]
[ 0.24423518  0.20705903 -0.39060348]
[ 0.24692448  0.20804269 -0.38946907]
[ 0.24734949  0.20813197 -0.3892714 ]
[ 0.2495811   0.35725299 -0.03141324]
[ 0.25086561  0.12629449 -0.38457636]
[ 0.25159095  0.14366106 -0.00966559]
[ 0.25225483  0.13616265 -0.01299363]
[ 0.25327692  0.12455423 -0.38392679]
[ 0.25411326  0.12391727 -0.38370714]
[ 0.25477504  0.14077132 -0.00881325]
[ 0.25537527  0.35344612 -0.03184823]
[ 0.25541905  0.2093193  -0.3853773 ]
[ 0.25695238  0.14465968 -0.01080695]
[ 0.25707984  0.1449001  -0.01092928]
[ 0.2589874   0.20912213 -0.38345468]
[ 0.25972385  0.14989594 -0.00933175]
[ 0.26053428  0.17360542 -0.37277744]
[ 0.26146034  0.34946978 -0.03232055]
[ 0.26415615  0.34752658 -0.03239996]
[0.26660967 0.20732954 0.00375338]
[ 0.26687679  0.20849062 -0.37914956]
[ 0.26851473  0.16650095 -0.00654915]
[ 0.27026559  0.2076302  -0.37713666]
[ 0.27095389  0.20746709 -0.37709724]
[ 0.27144189  0.11910626 -0.37773582]
[ 0.27267303  0.11875665 -0.3773129 ]
[ 0.27269329  0.11876055 -0.3773043 ]
[ 0.27293321  0.11880474 -0.37723024]
[ 0.28006699  0.20432156 -0.37644177]
[ 0.28067463  0.1895127  -0.00268958]
[ 0.28098537  0.33565358 -0.03308007]
[ 0.28149047  0.20351673 -0.37629696]
[ 0.28176558  0.19157653 -0.00255131]
[ 0.28261856  0.12066824 -0.37422907]
[ 0.28652884  0.33213107 -0.03269487]
[ 0.28839966  0.19871162 -0.37547248]
[ 0.28861551  0.12182262 -0.37237073]
[ 0.29098865  0.20911351 -0.00136583]
[ 0.29103974  0.2092116  -0.00063274]
[0.29129695 0.21084527 0.0120446 ]
[ 0.29222144  0.19500097 -0.37487395]
[0.29244999 0.21360166 0.01371264]
[ 0.29294474  0.19428425 -0.3746108 ]
[0.29470138 0.25115266 0.0328642 ]
[ 0.29482561  0.12632287 -0.36996698]
[ 0.29520839  0.12658755 -0.36967409]
[ 0.29628273  0.1910418  -0.37341315]
[ 0.29662885  0.32427648 -0.03116186]
[ 0.29698921  0.30671419 -0.02110884]
[ 0.29749951  0.19007587 -0.37303233]
[ 0.29851986  0.12904091 -0.36708633]
[ 0.29946206  0.18725391 -0.37209189]
[0.30044053 0.23266443 0.02525287]
[ 0.30065419  0.32105271 -0.03049688]
[0.30147194 0.23556225 0.0269585 ]
[ 0.30381737  0.31919936 -0.02898764]
[ 0.30413126  0.18091537 -0.36995131]
[0.30480464 0.24450421 0.02712269]
[ 0.30489736  0.13775027 -0.36078774]
[ 0.30494271  0.1798026  -0.36940519]
[ 0.30524955  0.13825795 -0.36068089]
[ 0.30599486  0.13920828 -0.36045662]
[ 0.30621275  0.13973086 -0.36038745]
[ 0.30651473  0.14090693 -0.36028494]
[ 0.30736048  0.17216408 -0.36606963]
[0.30810576 0.25326483 0.0260596 ]
[0.30832411 0.25412918 0.02601046]
[ 0.30928355  0.1671272  -0.36382704]
[0.30942415 0.25709567 0.02284177]
[ 0.30981904  0.15126865 -0.35920016]
[ 0.30984521  0.16310229 -0.36216283]
[ 0.31026066  0.15527858 -0.35901655]
[ 0.31027318  0.15491612 -0.35901835]
[0.3102882  0.25911023 0.02065555]
[ 0.31104857  0.3136431  -0.02464614]
[ 0.31279197  0.31214394 -0.02349163]
[ 0.31391463  0.3103874  -0.02221373]
[0.31516838 0.27205469 0.00680527]
[ 0.31656965  0.30681345 -0.0195835 ]
[0.31678682 0.27615372 0.00239796]
[ 0.31868005  0.28150361 -0.00052562]
[ 0.31890582  0.30396718 -0.01696982]
[ 0.31954182  0.30099261 -0.01438676]
[ 0.31983162  0.28541313 -0.00271363]
[ 0.32008899  0.28880954 -0.00477969]
[ 0.32046592  0.29213553 -0.00677515]
[ 0.32090551  0.29613492 -0.0101417 ]