[-0.23504117 -0.24347291  0.00945477]
[-0.23502464 -0.24363738  0.00940012]
[-0.23445384 -0.24670317  0.0079046 ]
[-0.23426906 -0.23804974  0.01175828]
[-0.23402347 -0.23171702  0.01595075]
[-0.23372816 -0.23394134  0.01348657]
[-0.23333427 -0.25556251  0.00316671]
[-0.2328289  -0.22194252  0.0258085 ]
[-0.231966   -0.21930086  0.0282623 ]
[-0.23071443 -0.21647738  0.03075673]
[-0.23055956 -0.21583676  0.03137298]
[-0.22979858 -0.26280812  0.00134987]
[-0.22736834 -0.20643573  0.03274743]
[-0.22734284 -0.20298776  0.04281019]
[-0.22657254 -0.26994314 -0.00064008]
[-0.22628945 -0.27038471 -0.00069769]
[-0.22554149 -0.20083407  0.04989423]
[-0.22472424 -0.19989606  0.05327664]
[-0.22226641 -0.19582488  0.06733606]
[-0.22218851 -0.27739035 -0.00129658]
[-0.22185927 -0.1948019   0.07074886]
[-0.22146519 -0.27846585 -0.00132077]
[-0.21956762 -0.19206964  0.08055056]
[-0.21873992 -0.19190667  0.08562878]
[-0.21801556 -0.19175261  0.09039353]
[-0.21554927 -0.19164216  0.09501001]
[-0.21388462 -0.19153388  0.09907136]
[-0.21372188 -0.28687282 -0.00311768]
[-0.21342318 -0.27681943  0.00532875]
[-0.21267576 -0.28776531 -0.00316079]
[-0.21193054 -0.20945177  0.03086003]
[-0.21110953 -0.18960627  0.1041488 ]
[-0.20790076 -0.18852415  0.10665967]
[-0.20012152 -0.07310521 -0.32596402]
[-0.20011841 -0.07437715 -0.32606479]
[-0.20009967 -0.07377638 -0.32594548]
[-0.19992828 -0.07007436 -0.32609817]
[-0.19965763 -0.06619326 -0.32627396]
[-0.19954017 -0.18614576  0.11190932]
[-0.1991177  -0.08070005 -0.32754229]
[-0.19854927 -0.06331003 -0.32656135]
[-0.19788899 -0.18587732  0.11235634]
[-0.1967822  -0.08614622 -0.32908781]
[-0.19621235 -0.08762957 -0.32949649]
[-0.19620045 -0.19211323  0.09373732]
[-0.19609611 -0.08779573 -0.32955197]
[-0.1960885  -0.29462725 -0.00847841]
[-0.19558644 -0.05587827 -0.32732044]
[-0.19549265 -0.08848958 -0.32947519]
[-0.19443556 -0.0542444  -0.32757365]
[-0.19226891 -0.18746457  0.11496741]
[-0.19185895 -0.0925319  -0.32902871]
[-0.19104938 -0.04886525 -0.33060868]
[-0.19057773 -0.04828893 -0.33097436]
[-0.1899334  -0.04786725 -0.33135327]
[-0.18940377 -0.09010875  0.0582268 ]
[-0.18924892 -0.08887045  0.05431895]
[-0.18917891 -0.0886547   0.0535442 ]
[-0.18853102 -0.09025241  0.06917041]
[-0.18847547 -0.09041971  0.07059904]
[-0.1884006  -0.08689357  0.04676903]
[-0.18827034 -0.09101563  0.07562534]
[-0.18756131 -0.08500092  0.03843707]
[-0.18749113 -0.09180299  0.07791441]
[-0.18684618 -0.08311051  0.030431  ]
[-0.18638875 -0.18910394  0.11777118]
[-0.18621575 -0.08151521  0.02630354]
[-0.18590377 -0.09983827 -0.32821754]
[-0.18588131 -0.09986603 -0.32821582]
[-0.18538645 -0.09414414  0.08653856]
[-0.18462191 -0.10185423 -0.3280786 ]
[-0.18417688 -0.09520097  0.08820956]
[-0.18354738 -0.04380682 -0.33506952]
[-0.18214357 -0.19071604  0.11835146]
[-0.18100288 -0.10522601 -0.32790592]
[-0.18066913 -0.09469312  0.05239061]
[-0.17997074 -0.19149806  0.11879371]
[-0.17937115 -0.06696406 -0.01215879]
[-0.1785598  -0.09475281  0.09338352]
[-0.17852959 -0.09475039  0.09341056]
[-0.17850554 -0.09474841  0.09342222]
[-0.17847971 -0.09474626  0.09343052]
[-0.1781941  -0.06439634 -0.018923  ]
[-0.17582787 -0.04134778 -0.3387536 ]
[-0.17481524 -0.05677746 -0.03340243]
[-0.17428625 -0.0407951  -0.33886361]
[-0.17289406 -0.04036529 -0.33894698]
[-0.17244027 -0.30649112 -0.01767364]
[-0.17175625 -0.04021005 -0.33896992]
[-0.17058798 -0.19738706  0.12175833]
[-0.17005229 -0.09405021  0.09714008]
[-0.16949091 -0.30577519 -0.02027449]
[-0.16910398 -0.11856315 -0.32712509]
[-0.16877696 -0.04240742 -0.0442555 ]
[-0.16785715 -0.07209787 -0.33157349]
[-0.16704595 -0.06445425 -0.02709108]
[-0.16636523 -0.03638316 -0.04292022]
[-0.16562985 -0.20071774  0.1229213 ]
[-0.16558675 -0.11903346 -0.32722291]
[-0.16539724 -0.25057555  0.04520797]
[-0.16536462 -0.30528137 -0.02249527]
[-0.16495183 -0.09588196  0.09983313]
[-0.16482595 -0.03274453 -0.04211644]
[-0.16405297 -0.03101232 -0.04434025]
[-0.16321178 -0.11933044 -0.3274154 ]
[-0.16176211 -0.02584795 -0.05095901]
[-0.16097187 -0.02404864 -0.05271733]
[-0.16044099 -0.30830149 -0.02204127]
[-0.15986039 -0.03889673 -0.33913832]
[-0.15977209 -0.30721647 -0.01823274]
[-0.15768243 -0.30999357 -0.02178691]
[-0.15681969 -0.31023267 -0.02195683]
[-0.1555491  -0.09951148  0.10257789]
[-0.15427207 -0.03919709 -0.33900592]
[-0.15371713 -0.03920577 -0.33899765]
[-0.15266601 -0.20921035  0.12636062]
[-0.15262538 -0.04113203 -0.04448959]
[-0.15183981 -0.20976992  0.126546  ]
[-0.15117233 -0.00099558 -0.07507164]
[-0.15073005 -0.11353583 -0.32914202]
[-0.1478388   0.00681453 -0.08029325]
[-0.14760498 -0.21331446  0.12779674]
[-0.14734776  0.0078906  -0.0810331 ]
[-0.14721039 -0.2136461   0.12791389]
[-0.14522781 -0.1103673  -0.32996285]
[-0.14476894 -0.21800489  0.12177484]
[-0.14415846 -0.03914341 -0.33807324]
[-0.14371709 -0.21644808  0.12934986]
[-0.14309618  0.01741559 -0.08189636]
[-0.14212652 -0.10894824 -0.33384034]
[-0.1416767  -0.10507108  0.10482874]
[-0.14134149 -0.22265657  0.13272181]
[-0.14110172  0.00215588 -0.08279157]
[-0.1400437   0.02433739 -0.0802994 ]
[-0.1392767  -0.10764425 -0.33740341]
[-0.13872997 -0.10675396 -0.33848065]
[-0.13842464 -0.10585397 -0.33932999]
[-0.13718365  0.03048226 -0.07883649]
[-0.13653783 -0.0406227  -0.33692643]
[-0.13644018 -0.10718958  0.10550377]
[-0.13592669 -0.10397889 -0.34290335]
[-0.13390757 -0.09833554 -0.34263494]
[-0.13378259  0.03938167 -0.07694082]
[-0.13266731 -0.31695545 -0.02675516]
[-0.13239589 -0.23255163  0.13791308]
[-0.13200086 -0.10902195  0.10575638]
[-0.13021515 -0.10974734  0.10596056]
[-0.12987827 -0.3189233  -0.02628282]
[-0.12884718 -0.2364925   0.14013394]
[-0.12786444 -0.2375723   0.14062892]
[-0.12682952 -0.04331967 -0.33524768]
[-0.12581787 -0.11049874  0.10637709]
[-0.12547301 -0.04391787 -0.33564606]
[-0.1252041   0.05891585 -0.07244484]
[-0.12503376 -0.112106    0.10432269]
[-0.1244379  -0.11333548  0.10672456]
[-0.12425889 -0.08629584 -0.34327177]
[-0.12155223 -0.0827848  -0.34343323]
[-0.1203483  -0.11313342  0.10703687]
[-0.12013975 -0.08101699 -0.34342088]
[-0.11974373  0.07128329 -0.0670666 ]
[-0.11711778 -0.29019214  0.07859083]
[-0.11700418 -0.05250584 -0.33900036]
[-0.11640956  0.07892165 -0.06706493]
[-0.11620193 -0.25053552  0.14805145]
[-0.11495616  0.08236145 -0.06706993]
[-0.11474483 -0.25215555  0.14898326]
[-0.11453588 -0.25238581  0.14909554]
[-0.11369481  0.08526451 -0.06468921]
[-0.11351964 -0.25350178  0.14960056]
[-0.11351238 -0.32829217 -0.02232037]
[-0.11217876 -0.05926943 -0.34124577]
[-0.11164292 -0.11654503  0.10802183]
[-0.11014773 -0.33028051 -0.02153974]
[-0.1079328  -0.06522502 -0.3432223 ]
[-0.10766713 -0.08906602  0.0419508 ]
[-0.10729733 -0.30673565 -0.00708652]
[-0.10620332  0.09995042 -0.05178964]
[-0.10555914 -0.33016172 -0.02327898]
[-0.10530528 -0.2616629   0.15322454]
[-0.10512202  0.10233432 -0.14492936]
[-0.10506386  0.102967   -0.14242645]
[-0.10399441  0.09268545 -0.17271895]
[-0.10368195  0.10757503 -0.13724989]
[-0.10365327  0.09945489 -0.15689809]
[-0.10358696  0.10788062 -0.13695216]
[-0.10353962  0.09861936 -0.15875318]
[-0.10351957  0.08756255 -0.1842322 ]
[-0.1028965   0.11095766 -0.1145358 ]
[-0.10273989  0.0675501  -0.06483818]
[-0.10225676  0.08463136 -0.1901985 ]
[-0.10208918  0.11339657 -0.1087182 ]
[-0.10164489 -0.26546104  0.1442503 ]
[-0.10124406  0.11436645 -0.13048697]
[-0.10099174  0.11039709 -0.04270417]
[-0.10026658  0.11746607 -0.09928181]
[-0.09996343 -0.26361311  0.15379136]
[-0.09982892  0.08173507 -0.19893267]
[-0.09974257  0.11287867 -0.04014332]
[-0.09840661  0.07949091 -0.20623685]
[-0.09827694  0.11629408 -0.04576545]
[-0.09783418  0.12152218 -0.09022699]
[-0.0974107   0.11220718 -0.03906551]
[-0.09721796  0.11903986 -0.05028405]
[-0.09690894  0.07799096 -0.21047913]
[-0.09643901  0.0777054  -0.21163823]
[-0.09523354 -0.32845445 -0.02623977]
[-0.09265814  0.13046652 -0.07015286]
[-0.0925986   0.13049535 -0.06913794]
[-0.09240243  0.1309747  -0.06986305]
[-0.09201484  0.13080393 -0.06965064]
[-0.09154094 -0.32984    -0.02480458]
[-0.09125733 -0.26705593  0.15370965]
[-0.09100784  0.10667659 -0.13232177]
[-0.09047021 -0.26725757  0.15365791]
[-0.08964499 -0.33058117 -0.02410898]
[-0.08830414 -0.33092618 -0.02336857]
[-0.08766748  0.07344614 -0.22579741]
[-0.08758952  0.07337055 -0.22595207]
[-0.08727242  0.07307794 -0.22653015]
[-0.08603539 -0.12770061  0.10789456]
[-0.08019996 -0.27005583  0.15139147]
[-0.0790748  -0.33353841 -0.0186015 ]
[-0.07763933 -0.27075798  0.15078378]
[-0.07682642 -0.13143727  0.10859166]
[-0.07681002 -0.33379656 -0.01690076]
[-0.07524146  0.06461983 -0.23938325]
[-0.07488681 -0.13227104  0.10861227]
[-0.07429632 -0.27179167  0.15002474]
[-0.07343803 -0.33421687 -0.01441843]
[-0.07338872  0.06347425 -0.24082357]
[-0.07134197  0.06232142 -0.24202763]
[-0.0708768  -0.33445407 -0.01269438]
[-0.06839555  0.06455051 -0.24213048]
[-0.06817371 -0.27384922  0.14770787]
[-0.06687248 -0.33347842 -0.00833286]
[-0.06366343 -0.33259528 -0.00471225]
[-0.05856153 -0.3293041   0.00337897]
[-0.05839167 -0.32921512  0.00377424]
[-0.05826586 -0.32914459  0.0040769 ]
[-0.05822772 -0.32910635  0.00420473]
[-0.05750428  0.07312741 -0.24563673]
[-0.05733304 -0.27739127  0.14417516]
[-0.05701899 -0.05793924 -0.06378165]
[-0.05531808 -0.13926381  0.10869265]
[-0.05513631  0.07096206 -0.24694604]
[-0.05513388  0.06950699 -0.19552953]
[-0.05454292 -0.14968157  0.08542852]
[-0.05304119 -0.14008237  0.10869072]
[-0.05240083 -0.32567752  0.01856959]
[-0.05084567 -0.31606818  0.04101126]
[-0.05081307 -0.32389578  0.02429755]
[-0.04855847 -0.32228288  0.03046826]
[-0.04825763 -0.32211057  0.03119981]
[-0.04805299 -0.2806846   0.13967861]
[-0.04401431  0.06080657 -0.25362154]
[-0.04382567 -0.31765434  0.03673971]
[-0.0436649  -0.28223696  0.13757999]
[-0.0428173   0.0597166  -0.25444709]
[-0.0421736  -0.14985723  0.10924011]
[-0.04189911 -0.31729232  0.04344909]
[-0.04167239  0.05865211 -0.25445904]
[-0.04007968 -0.1519212   0.10896356]
[-0.03997155 -0.28540812  0.13597053]
[-0.03920843  0.05634059 -0.25375506]
[-0.03794558 -0.31403081  0.05033985]
[-0.03733838  0.09112622 -0.07195456]
[-0.03670677 -0.28911969  0.10932797]
[-0.03577575 -0.15610376  0.10852176]
[-0.03573508 -0.15614097  0.10852249]
[-0.03560816 -0.15614545  0.10849805]
[-0.03512122 -0.28961934  0.13256133]
[-0.03401631 -0.3112131   0.05834553]
[-0.0335802  -0.31090295  0.05922801]
[-0.03348843 -0.31085133  0.05938164]
[-0.03340358 -0.31079151  0.0595521 ]
[-0.03123045 -0.30898578  0.06456115]
[-0.03116615  0.0488366  -0.25289874]
[-0.03064599 -0.29350607  0.12938316]
[-0.03041002 -0.29362189  0.12921969]
[-0.02536644 -0.29596168  0.12338973]
[-0.02504103 -0.29611095  0.1229846 ]
[-0.02383195 -0.3028759   0.08152578]
[-0.02355183 -0.30248681  0.0825389 ]
[-0.02213793 -0.30033617  0.08809144]
[-0.0216566  -0.29748115  0.11563765]
[-0.02132949 -0.29751962  0.11331273]
[-0.0189945  -0.29551115  0.10370235]
[-0.01886303 -0.29543875  0.10328781]
[-0.0185809  -0.29488496  0.10115883]
[-0.01837256 -0.29445733  0.09952857]
[-0.01349454 -0.21527601 -0.30689656]
[-0.01302711 -0.21397806 -0.30701979]
[-0.01246131 -0.21568644 -0.30714326]
[-0.01043284 -0.21686251 -0.30762468]
[-0.00922254 -0.20355668 -0.30802163]
[-0.00690073 -0.19868086 -0.3086214 ]
[-0.00647052 -0.19767275 -0.30873335]
[-0.00526787 -0.2203385  -0.30884673]
[-0.00491821  0.02937121 -0.25073842]
[-0.00464355 -0.22075973 -0.30899948]
[-0.00287939 -0.19392218 -0.3139608 ]
[-0.00197158 -0.19191278 -0.31617675]
[-0.00146915 -0.19037428 -0.31776254]
[ 0.00113581 -0.18396905 -0.32465998]
[ 0.00154211  0.02401762 -0.25013567]
[ 0.00304351 -0.14470119  0.03478646]
[ 0.00370208 -0.17857773 -0.32594555]
[ 0.0076199  -0.22805694 -0.31199851]
[ 0.00820993 -0.22843701 -0.31214284]
[ 0.00835485 -0.16867733 -0.32830632]
[ 0.00840163 -0.22851813 -0.31218968]
[ 0.00964337 -0.16594944 -0.32886902]
[ 0.01080956 -0.15818957  0.10142059]
[ 0.01127974 -0.15807693  0.10134174]
[ 0.01160985 -0.23026494 -0.31297403]
[ 0.01317625 -0.23113584 -0.31335701]
[ 0.01327674 -0.23115367 -0.31328355]
[ 0.01563808  0.01284855 -0.24526339]
[ 0.01842965  0.01064792 -0.24422001]
[ 0.0202752  -0.15662239 -0.33082058]
[ 0.02101058  0.01132163 -0.2244428 ]
[ 0.02115662 -0.1558791   0.09907645]
[ 0.0215614  -0.15524898 -0.33110671]
[ 0.02198352 -0.154816   -0.33126524]
[ 0.02340881 -0.0025216  -0.24035795]
[ 0.02361319 -0.23458789 -0.3044042 ]
[ 0.02381085 -0.00368413 -0.24028107]
[ 0.02414811 -0.15530615  0.09805492]
[ 0.02422459 -0.15708279  0.09154884]
[ 0.02602693 -0.23557655 -0.30330157]
[ 0.03043646 -0.16291319  0.09595016]
[ 0.03072531 -0.163085    0.09585263]
[ 0.03147494 -0.21282983 -0.31779266]
[ 0.03226674 -0.14499798 -0.33491001]
[ 0.03249309 -0.14422152 -0.33515692]
[ 0.03439163 -0.23605944 -0.30148124]
[ 0.03483085 -0.14594835 -0.33480794]
[ 0.03586334 -0.16537053 -0.32910344]
[ 0.03592187 -0.14736487 -0.33446344]
[ 0.03811566 -0.16753052  0.09350855]
[ 0.03872257 -0.23653215 -0.30038737]
[ 0.04240709 -0.00780877 -0.2371738 ]
[ 0.04356063 -0.15628388 -0.32986789]
[ 0.04403436 -0.17093905  0.09116948]
[ 0.04417408 -0.00936628 -0.23686802]
[ 0.04577505 -0.15882026 -0.32855035]
[ 0.04621959 -0.15939479 -0.32842814]
[ 0.04629579 -0.00018191 -0.11494954]
[ 0.04653511 -0.17289198  0.0901868 ]
[ 0.04723587 -0.23598169 -0.29924298]
[ 0.04999636 -0.17579563  0.08790619]
[ 0.0503656  -0.18134053  0.05324951]
[ 0.05079284 -0.17660759  0.08672167]
[ 0.0516293  -0.18133807  0.06558236]
[ 0.05181673 -0.18122085  0.06882186]
[ 0.05208435 -0.16712797 -0.32679867]
[ 0.05220967 -0.18078291  0.0720847 ]
[ 0.05243357 -0.16756312 -0.32665013]
[ 0.052574   -0.17863748  0.08309035]
[ 0.05297542 -0.17979177  0.07907493]
[ 0.05304045 -0.18000931  0.07828428]
[ 0.05359484 -0.23652664 -0.30083951]
[ 0.05399624 -0.23656876 -0.30093232]
[ 0.05404546 -0.23656786 -0.30094996]
[ 0.05408729 -0.23655252 -0.30097999]
[ 0.05412652 -0.17461232  0.04550063]
[ 0.05434089 -0.23650583 -0.30111431]
[ 0.05818342 -0.17544244 -0.32402655]
[ 0.05825782 -0.16863419  0.03833918]
[ 0.05881007 -0.02214825 -0.22711542]
[ 0.06264263 -0.16215955  0.02859506]
[ 0.06264859 -0.18200182 -0.32187947]
[ 0.06306161 -0.18260516 -0.3216745 ]
[ 0.06381652 -0.16050574  0.02608163]
[ 0.06385135 -0.23477753 -0.30612769]
[ 0.0650215  -0.15913844  0.02389706]
[ 0.06568002 -0.23350118 -0.30806624]
[ 0.06654429 -0.02672109 -0.22224302]
[ 0.06800006 -0.14752179  0.00863652]
[ 0.0692497  -0.02733286 -0.22066602]
[ 0.06943646 -0.15380789  0.01550886]
[ 0.06976304 -0.19880884 -0.31670615]
[ 0.07011514 -0.22948511 -0.31371815]
[ 0.0706291  -0.22791338 -0.31551526]
[ 0.07097929 -0.15214248  0.01041263]
[ 0.07213754 -0.20438318 -0.31498852]
[ 0.07222352 -0.2057989  -0.31461546]
[ 0.07226075 -0.20676864 -0.31464722]
[ 0.07248819 -0.22160915 -0.31515784]
[ 0.07402954 -0.10202695 -0.00656094]
[ 0.07583059 -0.14564212  0.00824817]
[ 0.07929588 -0.14099138  0.00678461]
[ 0.08041829 -0.02999403 -0.21527202]
[ 0.08087241 -0.02771518 -0.19540878]
[ 0.08418363 -0.13453875  0.00475654]
[ 0.0853779  -0.03363206 -0.21233676]
[ 0.09105707 -0.03752165 -0.20690311]
[ 0.09130647 -0.12521552  0.00182815]
[ 0.09241946 -0.03801137 -0.20571428]
[ 0.1008705  -0.11279943 -0.00337614]
[ 0.10170099 -0.04100984 -0.19649466]
[ 0.1021442  -0.11098669 -0.00413132]
[ 0.10352102 -0.10897572 -0.00439512]
[ 0.10662219 -0.06280438 -0.05900241]
[ 0.1109297  -0.09827906 -0.00579518]
[ 0.11166788 -0.097325   -0.00708012]
[ 0.11198653 -0.03655493 -0.18901599]
[ 0.11652133 -0.03600004 -0.18522258]
[ 0.12313504 -0.08335089 -0.02578859]
[ 0.12355855 -0.0349663  -0.1790678 ]
[ 0.12481545 -0.08130642 -0.02855401]
[ 0.13111768 -0.07227858 -0.04094687]
[ 0.13285117 -0.07048293 -0.05204702]
[ 0.13666985 -0.06727881 -0.07272755]
[ 0.13670212 -0.06724318 -0.07294523]
[ 0.13832858 -0.01828735 -0.14362402]
[ 0.13842915 -0.03044336 -0.16243138]
[ 0.13883917 -0.03023821 -0.16184779]
[ 0.13889082 -0.06466618 -0.08600256]
[ 0.14050671 -0.06141747 -0.10123272]
[ 0.14296809 -0.0564893  -0.10933851]
[ 0.14433583 -0.05147129 -0.11622176]
[ 0.14540367 -0.02306966 -0.15468032]
[ 0.14784641 -0.0418035  -0.13053685]
[ 0.14811859 -0.03906681 -0.1337206 ]
[ 0.14893421 -0.02413204 -0.14807046]
[ 0.15094827 -0.026296   -0.14292415]
[ 0.15120091 -0.02486879 -0.14432756]
[ 0.15125648 -0.02537445 -0.14362493]
[ 0.15134642 -0.02490219 -0.1439601 ]