[-0.15160286 -0.00539428  0.06242632]
[-0.15072194 -0.00193135  0.05236697]
[-0.15042444 -0.00086408  0.04926037]
[-0.15003616 -0.002939    0.06850894]
[-0.1496099   0.00167083  0.04185564]
[-0.14855243  0.00522846  0.02223477]
[-0.14851455  0.00532279  0.0186126 ]
[-0.1483731   0.00503453  0.03199211]
[-0.1470141   0.00871392  0.00751607]
[-0.14695245 -0.00054752  0.07641121]
[-0.14614641  0.01074608  0.00085451]
[-0.14540278  0.00065394  0.0803818 ]
[-0.14494549  0.00075685  0.08113397]
[-0.14403005 -0.00071814  0.0843275 ]
[-0.14211524 -0.00334231  0.08935653]
[-0.14111193  0.02223086 -0.00839138]
[-0.13873235 -0.00672814  0.09376449]
[-0.1364419  -0.00767014  0.09618578]
[-0.13642446 -0.00767737  0.09620315]
[-0.13634771 -0.00771116  0.09624417]
[-0.13627053  0.03288786 -0.0169128 ]
[-0.1358144   0.03389856 -0.01823987]
[-0.12823674  0.0504885  -0.04003522]
[-0.12684024 -0.01190089  0.10126295]
[-0.12671433 -0.01208288  0.10135302]
[-0.1247877   0.0590148  -0.05117671]
[-0.12301618 -0.01704795  0.10249354]
[-0.12268234  0.01108695  0.00855254]
[-0.12038083 -0.01586189  0.0846142 ]
[-0.11957016  0.07115949 -0.05385377]
[-0.11735571 -0.02466714  0.10431667]
[-0.11564704  0.08023234 -0.05475898]
[-0.11470273  0.08223584 -0.05500698]
[-0.11176508 -0.0245011   0.10545568]
[-0.103734   -0.02387103  0.10625177]
[-0.10273989  0.0675501  -0.06483818]
[-0.10094634  0.11032456 -0.03982474]
[-0.09974257  0.11287867 -0.04014332]
[-0.09870965  0.11499405 -0.03911105]
[-0.09844378  0.11552436 -0.03884861]
[-0.0974107   0.11220718 -0.03906551]
[-0.09603542 -0.02323822  0.10695305]
[-0.09424295  0.12411571 -0.03737187]
[-0.08612467 -0.02813055  0.10796922]
[-0.08316397  0.14299515  0.01466662]
[-0.08316301  0.14288415  0.01583001]
[-0.08312207  0.14302392  0.01531432]
[-0.08294776  0.14330266  0.01637229]
[-0.08289572  0.14255013  0.01545774]
[-0.08223541  0.14577321  0.00700217]
[-0.07981764  0.14997547 -0.03268997]
[-0.07837019  0.15223719 -0.01261642]
[-0.07683852  0.15491499  0.03449702]
[-0.07600001  0.15672506 -0.02590922]
[-0.07235879  0.16389962  0.04837698]
[-0.0711968   0.16671915  0.05259121]
[-0.06882404  0.17258413  0.06648637]
[-0.06830898  0.17446878  0.08205003]
[-0.06815971  0.17433297  0.08590923]
[-0.06808985  0.17475442  0.07147076]
[-0.06791856 -0.03750308  0.10818879]
[-0.06779225  0.15508147 -0.03054444]
[-0.06739095  0.17380453  0.09968824]
[-0.06739023  0.17381703  0.09963496]
[-0.06668184  0.17286875  0.10321734]
[-0.06545671 -0.03878435  0.10815902]
[-0.06441512  0.1718403   0.10619738]
[-0.05919608 -0.04174734  0.10809606]
[-0.0576423   0.16961158  0.11153124]
[-0.05701899 -0.05793924 -0.06378165]
[-0.05604273  0.16908829  0.11277795]
[-0.05110884 -0.05170843  0.08465772]
[-0.04933593 -0.04657792  0.10737233]
[-0.0475795   0.16688771  0.1169716 ]
[-0.04289756  0.15981037  0.11881678]
[-0.04068421 -0.05636756  0.10626546]
[-0.03733838  0.09112622 -0.07195456]
[-0.03731667 -0.060127    0.10599867]
[-0.0369313   0.15154685  0.12041811]
[-0.03553395  0.14968672  0.12071842]
[-0.03318942  0.16912428  0.0988198 ]
[-0.02371566 -0.06106835  0.10532701]
[-0.02308467 -0.06111447  0.10530305]
[-0.0223405  -0.06144932  0.10525095]
[-0.02233371 -0.06145236  0.10525054]
[-0.02233236 -0.06145297  0.10525046]
[-0.02000426  0.12750725  0.03307777]
[-0.01642666  0.14804789  0.12764326]
[-0.01367085  0.14675096  0.12851641]
[-0.01217774  0.14604628  0.12899304]
[-0.0112147   0.1456293   0.12923357]
[ 0.00224255 -0.07268801  0.10227864]
[ 0.0091739  -0.07935393  0.0767629 ]
[ 0.01102119 -0.0752367   0.10125271]
[0.01407326 0.13424864 0.13631815]
[ 0.01699367 -0.0770632   0.10006357]
[0.01761442 0.1339935  0.13751122]
[ 0.02543384 -0.08621717  0.09777349]
[ 0.03100909 -0.09228054  0.09622156]
[0.03355871 0.1331048  0.14093215]
[ 0.03501149 -0.0967927   0.09473134]
[0.03685733 0.13292018 0.14164562]
[ 0.04629579 -0.00018191 -0.11494954]
[0.04771724 0.12088162 0.14126234]
[0.04820268 0.13615045 0.11510387]
[0.05544357 0.10727485 0.13978454]
[0.05833213 0.10232021 0.13901801]
[ 0.06071865 -0.10218448  0.08840417]
[ 0.06143527 -0.10227177  0.08810025]
[ 0.06371212 -0.10260809  0.08725402]
[ 0.0710278  -0.10375544  0.08467011]
[0.07355379 0.08707676 0.13805913]
[ 0.07402954 -0.10202695 -0.00656094]
[0.07706516 0.08367311 0.13772107]
[0.07955877 0.08129726 0.13743822]
[ 0.08436712 -0.10426004  0.08005216]
[ 0.08612184 -0.10411118  0.07885808]
[ 0.09081504 -0.09751104  0.05876144]
[ 0.09237463 -0.10334344  0.07466797]
[0.09291833 0.06696771 0.13541215]
[ 0.09405395 -0.10311949  0.07349266]
[0.09628996 0.06371792 0.13458061]
[ 0.0974984  -0.10193323  0.06903637]
[ 0.09796901 -0.11511372  0.01623502]
[ 0.09845909 -0.11402452  0.02159207]
[ 0.09848059 -0.11399276  0.02176931]
[ 0.09852559 -0.11381632  0.02253661]
[ 0.09894453  0.08956833 -0.01703496]
[ 0.09983716 -0.10769292  0.04959842]
[ 0.09991023 -0.10884523  0.04449599]
[ 0.09991877 -0.11324517  0.00694721]
[ 0.09993569 -0.10827981  0.04660788]
[ 0.10040031 -0.10092876  0.06526778]
[ 0.1004598  -0.10718071  0.05634811]
[ 0.10061141 -0.10694157  0.05687267]
[ 0.10185201 -0.10430452  0.06214306]
[ 0.1021442  -0.11098669 -0.00413132]
[ 0.10250245 -0.11082896 -0.00812524]
[ 0.1027606  -0.11072222 -0.01090082]
[ 0.10302543 -0.11065251 -0.01315913]
[ 0.10407499 -0.11043905 -0.02117944]
[0.1061211  0.07923803 0.11032661]
[ 0.10662219 -0.06280438 -0.05900241]
[0.10934722 0.06159588 0.13520821]
[ 0.11638472 -0.09553824 -0.04105163]
[ 0.11642245 -0.09549648 -0.04113591]
[0.11907286 0.06004922 0.13562667]
[ 0.12086424 -0.0907742  -0.05088083]
[0.12298197 0.0595795  0.13557539]
[0.12303899 0.05954302 0.13556172]
[ 0.12484345 -0.08552659 -0.0605397 ]
[0.13276905 0.05332281 0.13321375]
[ 0.13654819 -0.06749495 -0.07277923]
[ 0.13670212 -0.06724318 -0.07294523]
[ 0.14162586 -0.05921241 -0.07849759]
[0.14399744 0.04611013 0.1306185 ]
[ 0.14589913 -0.05066819 -0.08390433]
[ 0.1460376  -0.05039153 -0.08392242]
[0.1461647  0.04478906 0.12988288]
[0.14980879 0.04268289 0.12826587]
[ 0.15733116 -0.00059873 -0.07728292]
[0.16196392 0.03549329 0.12277356]
[0.16272493 0.03505629 0.12238907]
[ 0.1627971  -0.02050521 -0.08718444]
[0.16338436 0.03470608 0.12196777]
[ 0.16570525 -0.0154049  -0.08251401]
[0.16588548 0.03339805 0.12030716]
[ 0.16848108 -0.01042591 -0.07798594]
[ 0.16890401 -0.00965676 -0.07728936]
[0.17107137 0.03555994 0.10177436]
[ 1.74125077e-01 -8.07878480e-05 -7.60663206e-02]
[0.17844245 0.03361325 0.11659239]
[0.17960949 0.03265913 0.11558322]
[0.18205052 0.03043147 0.11226728]
[0.18260233 0.07160815 0.06824767]
[0.1836307  0.02860719 0.10813527]
[0.18395759 0.02805555 0.10637529]
[ 0.18558483  0.02084864 -0.06528397]
[ 0.18628186  0.0482422  -0.05199419]
[0.18648844 0.02958703 0.10285378]
[0.18836155 0.0312216  0.09950964]
[0.18954494 0.03265593 0.0968055 ]
[ 0.18965788  0.02718397 -0.0619854 ]
[0.19043479 0.03382766 0.09551214]
[ 0.19593486  0.03683306 -0.05516618]
[0.1966932  0.04158769 0.0868022 ]
[0.19908511 0.04512731 0.08301223]
[ 0.19967677  0.04261963 -0.0516242 ]
[0.20022356 0.06631189 0.00620011]
[ 0.20119516  0.04551358 -0.04224927]
[ 0.20179867  0.04625297 -0.04945116]
[ 0.20471072  0.0521344  -0.02266106]
[ 0.20745285  0.05702566 -0.00803204]
[0.20888404 0.0604787  0.08229897]
[0.2089306  0.06048105 0.08106623]
[0.20929687 0.06060872 0.06514092]
[0.20941096 0.06072952 0.05556056]
[0.20945633 0.0607888  0.05328854]
[ 0.20949857  0.06056979 -0.00284127]
[0.20968483 0.0611564  0.03984736]
[0.20997926 0.06160696 0.02319671]
[0.20999586 0.06162767 0.02239379]
[ 0.21008985  0.06157444 -0.00137042]
[0.21180594 0.06455792 0.01052889]