[-0.23504117 -0.24347291  0.00945477]
[-0.23502464 -0.24363738  0.00940012]
[-0.23445384 -0.24670317  0.0079046 ]
[-0.23426906 -0.23804974  0.01175828]
[-0.23402347 -0.23171702  0.01595075]
[-0.23372816 -0.23394134  0.01348657]
[-0.23333427 -0.25556251  0.00316671]
[-0.2328289  -0.22194252  0.0258085 ]
[-0.231966   -0.21930086  0.0282623 ]
[-0.23071443 -0.21647738  0.03075673]
[-0.23055956 -0.21583676  0.03137298]
[-0.22979858 -0.26280812  0.00134987]
[-0.22736834 -0.20643573  0.03274743]
[-0.22734284 -0.20298776  0.04281019]
[-0.22657254 -0.26994314 -0.00064008]
[-0.22628945 -0.27038471 -0.00069769]
[-0.22554149 -0.20083407  0.04989423]
[-0.22472424 -0.19989606  0.05327664]
[-0.22226641 -0.19582488  0.06733606]
[-0.22218851 -0.27739035 -0.00129658]
[-0.22185927 -0.1948019   0.07074886]
[-0.22146519 -0.27846585 -0.00132077]
[-0.21956762 -0.19206964  0.08055056]
[-0.21873992 -0.19190667  0.08562878]
[-0.21801556 -0.19175261  0.09039353]
[-0.21554927 -0.19164216  0.09501001]
[-0.21388462 -0.19153388  0.09907136]
[-0.21372188 -0.28687282 -0.00311768]
[-0.21342318 -0.27681943  0.00532875]
[-0.21267576 -0.28776531 -0.00316079]
[-0.21193054 -0.20945177  0.03086003]
[-0.21110953 -0.18960627  0.1041488 ]
[-0.20790076 -0.18852415  0.10665967]
[-0.19954017 -0.18614576  0.11190932]
[-0.19788899 -0.18587732  0.11235634]
[-0.19620045 -0.19211323  0.09373732]
[-0.1960885  -0.29462725 -0.00847841]
[-0.19226891 -0.18746457  0.11496741]
[-0.18940377 -0.09010875  0.0582268 ]
[-0.18924892 -0.08887045  0.05431895]
[-0.18917891 -0.0886547   0.0535442 ]
[-0.18853102 -0.09025241  0.06917041]
[-0.18847547 -0.09041971  0.07059904]
[-0.1884006  -0.08689357  0.04676903]
[-0.18827034 -0.09101563  0.07562534]
[-0.18756131 -0.08500092  0.03843707]
[-0.18749113 -0.09180299  0.07791441]
[-0.18684618 -0.08311051  0.030431  ]
[-0.18638875 -0.18910394  0.11777118]
[-0.18621575 -0.08151521  0.02630354]
[-0.18538645 -0.09414414  0.08653856]
[-0.18417688 -0.09520097  0.08820956]
[-0.18214357 -0.19071604  0.11835146]
[-0.18066913 -0.09469312  0.05239061]
[-0.17997074 -0.19149806  0.11879371]
[-0.17937115 -0.06696406 -0.01215879]
[-0.1785598  -0.09475281  0.09338352]
[-0.17852959 -0.09475039  0.09341056]
[-0.17850554 -0.09474841  0.09342222]
[-0.17847971 -0.09474626  0.09343052]
[-0.1781941  -0.06439634 -0.018923  ]
[-0.17481524 -0.05677746 -0.03340243]
[-0.17244027 -0.30649112 -0.01767364]
[-0.17058798 -0.19738706  0.12175833]
[-0.17005229 -0.09405021  0.09714008]
[-0.16949091 -0.30577519 -0.02027449]
[-0.16877696 -0.04240742 -0.0442555 ]
[-0.16704595 -0.06445425 -0.02709108]
[-0.16636523 -0.03638316 -0.04292022]
[-0.16562985 -0.20071774  0.1229213 ]
[-0.16539724 -0.25057555  0.04520797]
[-0.16536462 -0.30528137 -0.02249527]
[-0.16495183 -0.09588196  0.09983313]
[-0.16482595 -0.03274453 -0.04211644]
[-0.16405297 -0.03101232 -0.04434025]
[-0.16176211 -0.02584795 -0.05095901]
[-0.16097187 -0.02404864 -0.05271733]
[-0.16044099 -0.30830149 -0.02204127]
[-0.15977209 -0.30721647 -0.01823274]
[-0.15768243 -0.30999357 -0.02178691]
[-0.15681969 -0.31023267 -0.02195683]
[-0.1555491  -0.09951148  0.10257789]
[-0.15266601 -0.20921035  0.12636062]
[-0.15262538 -0.04113203 -0.04448959]
[-0.15183981 -0.20976992  0.126546  ]
[-0.15117233 -0.00099558 -0.07507164]
[-0.1478388   0.00681453 -0.08029325]
[-0.14760498 -0.21331446  0.12779674]
[-0.14734776  0.0078906  -0.0810331 ]
[-0.14721039 -0.2136461   0.12791389]
[-0.14476894 -0.21800489  0.12177484]
[-0.14371709 -0.21644808  0.12934986]
[-0.14309618  0.01741559 -0.08189636]
[-0.1416767  -0.10507108  0.10482874]
[-0.14134149 -0.22265657  0.13272181]
[-0.14110172  0.00215588 -0.08279157]
[-0.1400437   0.02433739 -0.0802994 ]
[-0.13718365  0.03048226 -0.07883649]
[-0.13644018 -0.10718958  0.10550377]
[-0.13378259  0.03938167 -0.07694082]
[-0.13266731 -0.31695545 -0.02675516]
[-0.13239589 -0.23255163  0.13791308]
[-0.13200086 -0.10902195  0.10575638]
[-0.13021515 -0.10974734  0.10596056]
[-0.12987827 -0.3189233  -0.02628282]
[-0.12884718 -0.2364925   0.14013394]
[-0.12786444 -0.2375723   0.14062892]
[-0.12581787 -0.11049874  0.10637709]
[-0.1252041   0.05891585 -0.07244484]
[-0.12503376 -0.112106    0.10432269]
[-0.1244379  -0.11333548  0.10672456]
[-0.1203483  -0.11313342  0.10703687]
[-0.11974373  0.07128329 -0.0670666 ]
[-0.11711778 -0.29019214  0.07859083]
[-0.11640956  0.07892165 -0.06706493]
[-0.11620193 -0.25053552  0.14805145]
[-0.11495616  0.08236145 -0.06706993]
[-0.11474483 -0.25215555  0.14898326]
[-0.11453588 -0.25238581  0.14909554]
[-0.11369481  0.08526451 -0.06468921]
[-0.11351964 -0.25350178  0.14960056]
[-0.11351238 -0.32829217 -0.02232037]
[-0.11164292 -0.11654503  0.10802183]
[-0.11014773 -0.33028051 -0.02153974]
[-0.10766713 -0.08906602  0.0419508 ]
[-0.10729733 -0.30673565 -0.00708652]
[-0.10620332  0.09995042 -0.05178964]
[-0.10555914 -0.33016172 -0.02327898]
[-0.10530528 -0.2616629   0.15322454]
[-0.10273989  0.0675501  -0.06483818]
[-0.10164489 -0.26546104  0.1442503 ]
[-0.10099174  0.11039709 -0.04270417]
[-0.09996343 -0.26361311  0.15379136]
[-0.09974257  0.11287867 -0.04014332]
[-0.09870965  0.11499405 -0.03911105]
[-0.09844378  0.11552436 -0.03884861]
[-0.0974107   0.11220718 -0.03906551]
[-0.09523354 -0.32845445 -0.02623977]
[-0.09424295  0.12411571 -0.03737187]
[-0.09154094 -0.32984    -0.02480458]
[-0.09125733 -0.26705593  0.15370965]
[-0.09047021 -0.26725757  0.15365791]
[-0.08964499 -0.33058117 -0.02410898]
[-0.08830414 -0.33092618 -0.02336857]
[-0.08603539 -0.12770061  0.10789456]
[-0.08019996 -0.27005583  0.15139147]
[-0.07981764  0.14997547 -0.03268997]
[-0.0790748  -0.33353841 -0.0186015 ]
[-0.07763933 -0.27075798  0.15078378]
[-0.07682642 -0.13143727  0.10859166]
[-0.07681002 -0.33379656 -0.01690076]
[-0.07602972  0.15682829 -0.03512914]
[-0.07488681 -0.13227104  0.10861227]
[-0.07429632 -0.27179167  0.15002474]
[-0.07343803 -0.33421687 -0.01441843]
[-0.07239565  0.16326851 -0.02956779]
[-0.0708768  -0.33445407 -0.01269438]
[-0.06817371 -0.27384922  0.14770787]
[-0.06779225  0.15508147 -0.03054444]
[-0.06751675  0.17202268 -0.02845106]
[-0.06687248 -0.33347842 -0.00833286]
[-0.06447878  0.17777592 -0.02771839]
[-0.06436333  0.17799348 -0.02771635]
[-0.06366343 -0.33259528 -0.00471225]
[-0.06132856  0.18247984 -0.02787007]
[-0.05856153 -0.3293041   0.00337897]
[-0.05839167 -0.32921512  0.00377424]
[-0.05826586 -0.32914459  0.0040769 ]
[-0.05822772 -0.32910635  0.00420473]
[-0.05733304 -0.27739127  0.14417516]
[-0.05701899 -0.05793924 -0.06378165]
[-0.05531808 -0.13926381  0.10869265]
[-0.05454292 -0.14968157  0.08542852]
[-0.05304119 -0.14008237  0.10869072]
[-0.05240083 -0.32567752  0.01856959]
[-0.05084567 -0.31606818  0.04101126]
[-0.05081307 -0.32389578  0.02429755]
[-0.04969172  0.2003337  -0.02835   ]
[-0.04855847 -0.32228288  0.03046826]
[-0.04825763 -0.32211057  0.03119981]
[-0.04805299 -0.2806846   0.13967861]
[-0.04382567 -0.31765434  0.03673971]
[-0.0436649  -0.28223696  0.13757999]
[-0.0421736  -0.14985723  0.10924011]
[-0.04189911 -0.31729232  0.04344909]
[-0.04146702  0.21368385 -0.02856617]
[-0.04007968 -0.1519212   0.10896356]
[-0.03997155 -0.28540812  0.13597053]
[-0.03859521  0.21768096 -0.02583809]
[-0.03794558 -0.31403081  0.05033985]
[-0.03792739  0.21859017 -0.02521945]
[-0.03733838  0.09112622 -0.07195456]
[-0.03670677 -0.28911969  0.10932797]
[-0.03577575 -0.15610376  0.10852176]
[-0.03573508 -0.15614097  0.10852249]
[-0.03561001  0.22143144 -0.02331625]
[-0.03560816 -0.15614545  0.10849805]
[-0.03512122 -0.28961934  0.13256133]
[-0.03401631 -0.3112131   0.05834553]
[-0.0335802  -0.31090295  0.05922801]
[-0.03348843 -0.31085133  0.05938164]
[-0.03340358 -0.31079151  0.0595521 ]
[-0.03123045 -0.30898578  0.06456115]
[-0.03064599 -0.29350607  0.12938316]
[-0.03041002 -0.29362189  0.12921969]
[-0.02953675  0.22935283 -0.01795962]
[-0.02642616  0.23221107 -0.00233261]
[-0.02536644 -0.29596168  0.12338973]
[-0.02506742  0.23367998  0.0052329 ]
[-0.02504103 -0.29611095  0.1229846 ]
[-0.02478878  0.23443     0.00828999]
[-0.02383195 -0.3028759   0.08152578]
[-0.02355183 -0.30248681  0.0825389 ]
[-0.02316611  0.23678587  0.00971675]
[-0.02213793 -0.30033617  0.08809144]
[-0.0216566  -0.29748115  0.11563765]
[-0.02132949 -0.29751962  0.11331273]
[-0.0189945  -0.29551115  0.10370235]
[-0.01886303 -0.29543875  0.10328781]
[-0.0185809  -0.29488496  0.10115883]
[-0.01837256 -0.29445733  0.09952857]
[-0.01717548  0.24563115  0.01498066]
[-0.01325596  0.23092132  0.01890442]
[-0.01233864  0.25346023  0.02475895]
[-0.01196541  0.25416836  0.02553325]
[-0.00709939  0.26244013  0.03112708]
[-0.00311088  0.26729929  0.03524269]
[0.00045945 0.27154524 0.03890145]
[ 0.00304351 -0.14470119  0.03478646]
[ 0.00659714  0.20032706 -0.04520141]
[0.00681238 0.28071985 0.06004036]
[ 0.01080956 -0.15818957  0.10142059]
[ 0.01127974 -0.15807693  0.10134174]
[0.01186869 0.28666671 0.06462333]
[0.01837652 0.2939439  0.07038618]
[ 0.02115662 -0.1558791   0.09907645]
[0.02267432 0.30067721 0.07488636]
[ 0.02414811 -0.15530615  0.09805492]
[ 0.02422459 -0.15708279  0.09154884]
[ 0.03043646 -0.16291319  0.09595016]
[0.03064945 0.31286964 0.07663596]
[ 0.03072531 -0.163085    0.09585263]
[0.03170592 0.3191168  0.04977728]
[0.03283379 0.31894736 0.06639668]
[0.03392546 0.31871182 0.07716815]
[0.03396894 0.32298266 0.04442213]
[0.03522743 0.32522311 0.02884736]
[0.03574744 0.32605452 0.02497524]
[0.03638801 0.3266041  0.02161584]
[0.0364056  0.32640604 0.03911495]
[0.03645432 0.22221154 0.05326949]
[ 0.03811566 -0.16753052  0.09350855]
[ 0.03875364  0.34515336 -0.07895003]
[ 0.04021877  0.34614581 -0.07073187]
[ 0.04033855  0.34577714 -0.0661889 ]
[0.0405449  0.32930046 0.00240126]
[ 0.04132827  0.34342193 -0.05379074]
[ 0.04183981  0.33107798 -0.00637073]
[ 0.04191074  0.33222967 -0.00998463]
[ 0.0421122   0.3339175  -0.01475424]
[ 0.04235903  0.33598536 -0.02059777]
[ 0.04258581  0.34036116 -0.03555491]
[ 0.04267388  0.35114476 -0.08566929]
[ 0.04268185  0.33823443 -0.02665968]
[ 0.04291995  0.33953634 -0.03028937]
[ 0.04403436 -0.17093905  0.09116948]
[0.04423988 0.31456574 0.03623613]
[ 0.04467957  0.35408629 -0.08804148]
[ 0.04486067  0.33688722 -0.0776159 ]
[ 0.04506199  0.35464094 -0.08849   ]
[ 0.04507986  0.35466047 -0.08850707]
[ 0.04510248  0.35468498 -0.08852854]
[ 0.04629579 -0.00018191 -0.11494954]
[ 0.04653511 -0.17289198  0.0901868 ]
[ 0.04723927  0.330435   -0.01900908]
[ 0.04999636 -0.17579563  0.08790619]
[ 0.0503656  -0.18134053  0.05324951]
[ 0.05079284 -0.17660759  0.08672167]
[ 0.05151536  0.36270132 -0.09526722]
[ 0.0516293  -0.18133807  0.06558236]
[ 0.05181673 -0.18122085  0.06882186]
[ 0.05220967 -0.18078291  0.0720847 ]
[ 0.052574   -0.17863748  0.08309035]
[ 0.05297542 -0.17979177  0.07907493]
[ 0.05304045 -0.18000931  0.07828428]
[ 0.05412652 -0.17461232  0.04550063]
[ 0.05416614  0.36454561 -0.09715756]
[ 0.05557236  0.36564449 -0.09823378]
[ 0.05825782 -0.16863419  0.03833918]
[ 0.05995788  0.37081581 -0.0982159 ]
[ 0.06237239  0.37277661 -0.09821323]
[ 0.06264263 -0.16215955  0.02859506]
[ 0.06381652 -0.16050574  0.02608163]
[ 0.0650215  -0.15913844  0.02389706]
[ 0.06661625  0.37590037 -0.09821117]
[ 0.06800006 -0.14752179  0.00863652]
[0.06872225 0.30688166 0.09934771]
[ 0.06943646 -0.15380789  0.01550886]
[ 0.07097929 -0.15214248  0.01041263]
[ 0.07402954 -0.10202695 -0.00656094]
[ 0.07580046  0.37975299 -0.09823025]
[ 0.07583059 -0.14564212  0.00824817]
[ 0.07651988  0.38007486 -0.09823158]
[ 0.0769142   0.38021471 -0.09823261]
[ 0.07924609  0.38043214 -0.09824362]
[ 0.07929588 -0.14099138  0.00678461]
[ 0.08418363 -0.13453875  0.00475654]
[ 0.0873243   0.38122743 -0.09828141]
[ 0.09130647 -0.12521552  0.00182815]
[ 0.0924888   0.38118875 -0.09926569]
[ 0.09677852  0.38056429 -0.10002881]
[ 0.09894453  0.08956833 -0.01703496]
[ 0.1008705  -0.11279943 -0.00337614]
[ 0.1021442  -0.11098669 -0.00413132]
[ 0.10352102 -0.10897572 -0.00439512]
[ 0.10662219 -0.06280438 -0.05900241]
[ 0.10890937  0.34112522 -0.09872449]
[ 0.1109297  -0.09827906 -0.00579518]
[ 0.11166788 -0.097325   -0.00708012]
[ 0.11546476  0.3759926  -0.10318282]
[ 0.11669913  0.28276731 -0.00752103]
[0.11770539 0.22310909 0.13120852]
[ 0.11982225  0.37525653 -0.10339044]
[ 0.12148122  0.37489063 -0.10345961]
[ 0.12313504 -0.08335089 -0.02578859]
[ 0.12421492  0.37401696 -0.1035424 ]
[ 0.12481545 -0.08130642 -0.02855401]
[ 0.13111768 -0.07227858 -0.04094687]
[ 0.14029805  0.36853552 -0.10399008]
[ 0.14232654 -0.05565949 -0.0566945 ]
[ 0.14319841 -0.05429626 -0.05713043]
[ 0.14465355  0.36809167 -0.10246719]
[ 0.14697132 -0.04810235 -0.05913891]
[ 0.15279663 -0.03850294 -0.06225492]
[ 0.15580482  0.36623966 -0.09818847]
[ 0.15733116 -0.00059873 -0.07728292]
[ 0.16074605 -0.02426812 -0.06697722]
[0.1671909  0.17100011 0.03498137]
[ 0.16809522  0.36360399 -0.09315724]
[ 0.16873203 -0.00997508 -0.07706692]
[ 0.16890401 -0.00965676 -0.07728936]
[ 1.74125077e-01 -8.07878480e-05 -7.60663206e-02]
[ 0.17822839  0.34815413 -0.08196468]
[ 0.17937685  0.35595116 -0.09678076]
[ 0.18282772  0.35454473 -0.09641756]
[ 0.18558483  0.02084864 -0.06528397]
[ 0.18628186  0.0482422  -0.05199419]
[ 0.18909771  0.35194515 -0.0956778 ]
[ 0.18965788  0.02718397 -0.0619854 ]
[ 0.19593486  0.03683306 -0.05516618]
[ 0.19967677  0.04261963 -0.0516242 ]
[0.20022356 0.06631189 0.00620011]
[ 0.20119516  0.04551358 -0.04224927]
[ 0.20179867  0.04625297 -0.04945116]
[ 0.20471072  0.0521344  -0.02266106]
[ 0.20745285  0.05702566 -0.00803204]
[ 0.20949857  0.06056979 -0.00284127]
[ 0.21008985  0.06157444 -0.00137042]
[ 0.21050756  0.2606327  -0.05345498]
[0.21180594 0.06455792 0.01052889]
[0.21450394 0.06914109 0.01713199]
[0.21609031 0.07190281 0.02108946]
[ 0.21733019  0.32890314 -0.10992459]
[ 0.22069293  0.17669321 -0.3799709 ]
[ 0.22074471  0.17614323 -0.38027178]
[ 0.22120002  0.17910989 -0.37848378]
[ 0.22156197  0.3256497  -0.11219025]
[ 0.22183434  0.16061655 -0.3827524 ]
[ 0.22202664  0.16514408 -0.38192734]
[0.22259569 0.08310235 0.02848012]
[ 0.22289961  0.32481158 -0.11256955]
[ 0.22301599  0.15666824 -0.3832028 ]
[ 0.22334105  0.18952423 -0.37208518]
[ 0.22347839  0.1907674  -0.37134793]
[ 0.22355352  0.1910984  -0.37114298]
[ 0.22466051  0.19395535 -0.36927095]
[ 0.22565839  0.31902526 -0.11212522]
[ 0.2258533   0.32267178 -0.11331971]
[ 0.22627582  0.15160471 -0.38343252]
[ 0.22820911  0.20123067 -0.36626225]
[ 0.22821773  0.20124323 -0.36625679]
[ 0.22824278  0.20125855 -0.36624857]
[ 0.22941777  0.32089612 -0.11276899]
[ 0.23210058  0.31958773 -0.11236366]
[0.23281154 0.10050176 0.04005901]
[ 0.23409251  0.13918311 -0.38473215]
[ 0.23432704  0.13864379 -0.38480678]
[ 0.23452342  0.13829934 -0.38484636]
[ 0.23503642  0.13788009 -0.38484695]
[ 0.2354849   0.20606893 -0.36373446]
[ 0.23585414  0.16294771 -0.04294204]
[0.23592302 0.10562606 0.04356037]
[ 0.2370863   0.206865   -0.36428208]
[0.2380621  0.13078062 0.04909057]
[0.23930083 0.11098407 0.04733183]
[0.24135365 0.11428544 0.04866491]
[ 0.24352451  0.13179679 -0.3846742 ]
[ 0.24364719  0.20776661 -0.36655072]
[ 0.24661234  0.20876541 -0.36756974]
[0.24754471 0.12456745 0.05272362]
[ 0.249628    0.20907203 -0.36861365]
[ 0.25086561  0.12629449 -0.38457636]
[0.25127807 0.13139522 0.04561532]
[0.25135493 0.13154625 0.04545935]
[ 0.25159095  0.14366106 -0.00966559]
[ 0.25195466  0.2092169  -0.36942002]
[0.253058   0.13755806 0.01808673]
[ 0.25327692  0.12455423 -0.38392679]
[ 0.25411326  0.12391727 -0.38370714]
[0.25425747 0.1400946  0.00653216]
[ 0.25477504  0.14077132 -0.00881325]
[ 0.25519672  0.14166699 -0.00063262]
[ 0.25589148  0.1427313  -0.01186517]
[ 0.25641219  0.20947999 -0.37130334]
[ 0.25655805  0.1439102  -0.01316554]
[ 0.25693462  0.30620097 -0.11085062]
[ 0.26053428  0.17360542 -0.37277744]
[ 0.26232732  0.20846972 -0.37379242]
[ 0.26234748  0.15481757 -0.02494435]
[ 0.26376675  0.15748941 -0.02883467]
[ 0.26689478  0.29960042 -0.11005121]
[ 0.26719587  0.20831138 -0.37584609]
[ 0.26727426  0.16337031 -0.03732087]
[ 0.2688841   0.29756815 -0.11114497]
[ 0.26947935  0.28122963 -0.10723907]
[ 0.27026559  0.2076302  -0.37713666]
[ 0.27066264  0.16928433 -0.04244858]
[ 0.27082134  0.20590731 -0.0782015 ]
[ 0.27095389  0.20746709 -0.37709724]
[ 0.27144189  0.11910626 -0.37773582]
[ 0.27267303  0.11875665 -0.3773129 ]
[ 0.27269329  0.11876055 -0.3773043 ]
[ 0.27293321  0.11880474 -0.37723024]
[ 0.27748537  0.28877527 -0.11587249]
[ 0.27859368  0.18313865 -0.0542973 ]
[ 0.27915342  0.18415852 -0.05517467]
[ 0.28006699  0.20432156 -0.37644177]
[ 0.28119945  0.18738393 -0.05789064]
[ 0.28149047  0.20351673 -0.37629696]
[ 0.28261856  0.12066824 -0.37422907]
[ 0.28284101  0.18996131 -0.06005953]
[ 0.2858113   0.28322065 -0.11526113]
[ 0.28782491  0.19556685 -0.0768735 ]
[ 0.28839966  0.19871162 -0.37547248]
[ 0.28861551  0.12182262 -0.37237073]
[ 0.2909302   0.27918572 -0.11444172]
[ 0.29163619  0.27841942 -0.11473218]
[ 0.29222144  0.19500097 -0.37487395]
[ 0.29294474  0.19428425 -0.3746108 ]
[ 0.29439212  0.20646618 -0.08283906]
[ 0.29482561  0.12632287 -0.36996698]
[ 0.29520839  0.12658755 -0.36967409]
[ 0.29628273  0.1910418  -0.37341315]
[ 0.29676126  0.2097569  -0.08471221]
[ 0.29678843  0.27202505 -0.1169132 ]
[ 0.29749951  0.19007587 -0.37303233]
[ 0.29851986  0.12904091 -0.36708633]
[ 0.29946206  0.18725391 -0.37209189]
[ 0.3009622   0.21443969 -0.09068124]
[ 0.30328309  0.26442224 -0.11962753]
[ 0.30413126  0.18091537 -0.36995131]
[ 0.30489736  0.13775027 -0.36078774]
[ 0.30494271  0.1798026  -0.36940519]
[ 0.30524955  0.13825795 -0.36068089]
[ 0.30599486  0.13920828 -0.36045662]
[ 0.30621275  0.13973086 -0.36038745]
[ 0.30651473  0.14090693 -0.36028494]
[ 0.30659401  0.22134419 -0.09944212]
[ 0.30692573  0.25826679 -0.1212944 ]
[ 0.30736048  0.17216408 -0.36606963]
[ 0.30824467  0.24075906 -0.12306529]
[ 0.30893205  0.2246722  -0.10363807]
[ 0.30928355  0.1671272  -0.36382704]
[ 0.30970492  0.2540646  -0.1225284 ]
[ 0.30981904  0.15126865 -0.35920016]
[ 0.30984521  0.16310229 -0.36216283]
[ 0.31026066  0.15527858 -0.35901655]
[ 0.31027318  0.15491612 -0.35901835]
[ 0.31029197  0.25290012 -0.12281021]
[ 0.31288261  0.22978478 -0.11010959]
[ 0.31308609  0.23002908 -0.11047515]
[ 0.31354922  0.24644176 -0.12436918]
[ 0.31382477  0.24579864 -0.12450844]
[ 0.31428759  0.24362682 -0.12482555]
[ 0.31436184  0.24343791 -0.12469238]
[ 0.3154177   0.23327513 -0.11523889]
[ 0.31630636  0.23569811 -0.11858047]
[ 0.31647564  0.23678339 -0.12001967]
[ 0.31672126  0.23817126 -0.12096919]