[-0.23504117 -0.24347291  0.00945477]
[-0.23502464 -0.24363738  0.00940012]
[-0.23445384 -0.24670317  0.0079046 ]
[-0.23426906 -0.23804974  0.01175828]
[-0.23402347 -0.23171702  0.01595075]
[-0.23372816 -0.23394134  0.01348657]
[-0.23333427 -0.25556251  0.00316671]
[-0.2328289  -0.22194252  0.0258085 ]
[-0.231966   -0.21930086  0.0282623 ]
[-0.23071443 -0.21647738  0.03075673]
[-0.23055956 -0.21583676  0.03137298]
[-0.22979858 -0.26280812  0.00134987]
[-0.22736834 -0.20643573  0.03274743]
[-0.22734284 -0.20298776  0.04281019]
[-0.22657254 -0.26994314 -0.00064008]
[-0.22628945 -0.27038471 -0.00069769]
[-0.22554149 -0.20083407  0.04989423]
[-0.22472424 -0.19989606  0.05327664]
[-0.22226641 -0.19582488  0.06733606]
[-0.22218851 -0.27739035 -0.00129658]
[-0.22185927 -0.1948019   0.07074886]
[-0.22146519 -0.27846585 -0.00132077]
[-0.21956762 -0.19206964  0.08055056]
[-0.21873992 -0.19190667  0.08562878]
[-0.21801556 -0.19175261  0.09039353]
[-0.21554927 -0.19164216  0.09501001]
[-0.21388462 -0.19153388  0.09907136]
[-0.21372188 -0.28687282 -0.00311768]
[-0.21342318 -0.27681943  0.00532875]
[-0.21267576 -0.28776531 -0.00316079]
[-0.21193054 -0.20945177  0.03086003]
[-0.21110953 -0.18960627  0.1041488 ]
[-0.20790076 -0.18852415  0.10665967]
[-0.20553311 -0.16494458 -0.05264334]
[-0.20540216 -0.16642696 -0.05324159]
[-0.20491379 -0.17117125 -0.05541875]
[-0.20474355 -0.17217671 -0.05585773]
[-0.20473682 -0.15368012 -0.04766255]
[-0.20356847 -0.17727964 -0.05798117]
[-0.20322    -0.141657   -0.04218443]
[-0.20266422 -0.18198471 -0.05947491]
[-0.20250705 -0.13884467 -0.04081611]
[-0.20161221 -0.18451697 -0.06012362]
[-0.20007579 -0.12997158 -0.04060111]
[-0.19954017 -0.18614576  0.11190932]
[-0.19952004 -0.19047455 -0.06101011]
[-0.19881339 -0.19296627 -0.06143304]
[-0.19788899 -0.18587732  0.11235634]
[-0.19751738 -0.12130331 -0.04030987]
[-0.19675712 -0.19951411 -0.06288905]
[-0.19620045 -0.19211323  0.09373732]
[-0.1960885  -0.29462725 -0.00847841]
[-0.19424286 -0.10931425 -0.03378877]
[-0.19389206 -0.18210041 -0.05710927]
[-0.19324507 -0.10636247 -0.03207982]
[-0.19226891 -0.18746457  0.11496741]
[-0.19123564 -0.20921731 -0.06448034]
[-0.18940377 -0.09010875  0.0582268 ]
[-0.18924892 -0.08887045  0.05431895]
[-0.18917891 -0.0886547   0.0535442 ]
[-0.18853102 -0.09025241  0.06917041]
[-0.18847547 -0.09041971  0.07059904]
[-0.1884006  -0.08689357  0.04676903]
[-0.18827034 -0.09101563  0.07562534]
[-0.18756131 -0.08500092  0.03843707]
[-0.18749113 -0.09180299  0.07791441]
[-0.18684618 -0.08311051  0.030431  ]
[-0.18654877 -0.08697599 -0.03079092]
[-0.18638875 -0.18910394  0.11777118]
[-0.18621575 -0.08151521  0.02630354]
[-0.18538645 -0.09414414  0.08653856]
[-0.18417688 -0.09520097  0.08820956]
[-0.18356181 -0.07836556 -0.03021605]
[-0.18304541 -0.07684497 -0.03011661]
[-0.18272403 -0.076069   -0.030055  ]
[-0.18214357 -0.19071604  0.11835146]
[-0.18206024 -0.22162672 -0.06603154]
[-0.18066913 -0.09469312  0.05239061]
[-0.17997074 -0.19149806  0.11879371]
[-0.17937115 -0.06696406 -0.01215879]
[-0.17930077 -0.22506759 -0.06641237]
[-0.1785598  -0.09475281  0.09338352]
[-0.17852959 -0.09475039  0.09341056]
[-0.17850554 -0.09474841  0.09342222]
[-0.17847971 -0.09474626  0.09343052]
[-0.1781941  -0.06439634 -0.018923  ]
[-0.17798291 -0.0646506  -0.03511002]
[-0.17752645 -0.06354768 -0.03486147]
[-0.17658916 -0.22922471 -0.06627262]
[-0.17481524 -0.05677746 -0.03340243]
[-0.17455954 -0.23158483 -0.06612859]
[-0.17244027 -0.30649112 -0.01767364]
[-0.17058798 -0.19738706  0.12175833]
[-0.17055402 -0.1265828  -0.02784909]
[-0.17005229 -0.09405021  0.09714008]
[-0.16970987 -0.23467763 -0.067588  ]
[-0.16949091 -0.30577519 -0.02027449]
[-0.16783933 -0.23837766 -0.06637525]
[-0.16704595 -0.06445425 -0.02709108]
[-0.16586554 -0.2304528  -0.06492162]
[-0.16562985 -0.20071774  0.1229213 ]
[-0.16539724 -0.25057555  0.04520797]
[-0.16536462 -0.30528137 -0.02249527]
[-0.16495183 -0.09588196  0.09983313]
[-0.16270112 -0.23879093 -0.06994958]
[-0.16044099 -0.30830149 -0.02204127]
[-0.15977209 -0.30721647 -0.01823274]
[-0.15768243 -0.30999357 -0.02178691]
[-0.15681969 -0.31023267 -0.02195683]
[-0.1555491  -0.09951148  0.10257789]
[-0.15266601 -0.20921035  0.12636062]
[-0.15183981 -0.20976992  0.126546  ]
[-0.14760498 -0.21331446  0.12779674]
[-0.14721039 -0.2136461   0.12791389]
[-0.1449664  -0.25630288 -0.07089404]
[-0.14476894 -0.21800489  0.12177484]
[-0.14371709 -0.21644808  0.12934986]
[-0.1416767  -0.10507108  0.10482874]
[-0.14142988 -0.25985555 -0.07113884]
[-0.14134149 -0.22265657  0.13272181]
[-0.13960812 -0.26120868 -0.07082038]
[-0.13644018 -0.10718958  0.10550377]
[-0.13266731 -0.31695545 -0.02675516]
[-0.13239589 -0.23255163  0.13791308]
[-0.13200086 -0.10902195  0.10575638]
[-0.13021515 -0.10974734  0.10596056]
[-0.12987827 -0.3189233  -0.02628282]
[-0.12975206 -0.20477024 -0.01740978]
[-0.12920684 -0.26930106 -0.06934395]
[-0.12884718 -0.2364925   0.14013394]
[-0.12786444 -0.2375723   0.14062892]
[-0.12581787 -0.11049874  0.10637709]
[-0.12519332 -0.27211534 -0.0690374 ]
[-0.12503376 -0.112106    0.10432269]
[-0.1244379  -0.11333548  0.10672456]
[-0.12319669 -0.27081175 -0.06554047]
[-0.12229713 -0.27414614 -0.0688162 ]
[-0.1203483  -0.11313342  0.10703687]
[-0.12016338 -0.27758776 -0.0669927 ]
[-0.11934197 -0.27889918 -0.0662618 ]
[-0.11711778 -0.29019214  0.07859083]
[-0.11620193 -0.25053552  0.14805145]
[-0.11474483 -0.25215555  0.14898326]
[-0.11453588 -0.25238581  0.14909554]
[-0.11351964 -0.25350178  0.14960056]
[-0.11351238 -0.32829217 -0.02232037]
[-0.11164292 -0.11654503  0.10802183]
[-0.11014773 -0.33028051 -0.02153974]
[-0.10766713 -0.08906602  0.0419508 ]
[-0.10729733 -0.30673565 -0.00708652]
[-0.10555914 -0.33016172 -0.02327898]
[-0.10530528 -0.2616629   0.15322454]
[-0.10332437 -0.2931357  -0.06190345]
[-0.10164489 -0.26546104  0.1442503 ]
[-0.10034842 -0.29579266 -0.06109823]
[-0.09996343 -0.26361311  0.15379136]
[-0.09665285 -0.29823395 -0.0597724 ]
[-0.09523354 -0.32845445 -0.02623977]
[-0.09154094 -0.32984    -0.02480458]
[-0.09125733 -0.26705593  0.15370965]
[-0.09047021 -0.26725757  0.15365791]
[-0.08964499 -0.33058117 -0.02410898]
[-0.08830414 -0.33092618 -0.02336857]
[-0.08790198 -0.3043107  -0.05674531]
[-0.08603539 -0.12770061  0.10789456]
[-0.08137952 -0.30929978 -0.05398456]
[-0.08019996 -0.27005583  0.15139147]
[-0.0790748  -0.33353841 -0.0186015 ]
[-0.07763933 -0.27075798  0.15078378]
[-0.07682642 -0.13143727  0.10859166]
[-0.07681002 -0.33379656 -0.01690076]
[-0.07488681 -0.13227104  0.10861227]
[-0.07429632 -0.27179167  0.15002474]
[-0.07343803 -0.33421687 -0.01441843]
[-0.07312977 -0.31341491 -0.04985484]
[-0.0708768  -0.33445407 -0.01269438]
[-0.06935304 -0.31522888 -0.04794394]
[-0.06817371 -0.27384922  0.14770787]
[-0.06696717 -0.31567897 -0.04653457]
[-0.06687248 -0.33347842 -0.00833286]
[-0.06510038 -0.31548314 -0.04645044]
[-0.06366343 -0.33259528 -0.00471225]
[-0.05856153 -0.3293041   0.00337897]
[-0.05839167 -0.32921512  0.00377424]
[-0.05826586 -0.32914459  0.0040769 ]
[-0.05822772 -0.32910635  0.00420473]
[-0.05733304 -0.27739127  0.14417516]
[-0.05701899 -0.05793924 -0.06378165]
[-0.05666896 -0.29173927 -0.03293057]
[-0.05531808 -0.13926381  0.10869265]
[-0.05494281 -0.31393692 -0.04571638]
[-0.05454292 -0.14968157  0.08542852]
[-0.05304119 -0.14008237  0.10869072]
[-0.05240083 -0.32567752  0.01856959]
[-0.05084567 -0.31606818  0.04101126]
[-0.05081307 -0.32389578  0.02429755]
[-0.04855847 -0.32228288  0.03046826]
[-0.04825763 -0.32211057  0.03119981]
[-0.04805299 -0.2806846   0.13967861]
[-0.04689635 -0.31060148 -0.04392168]
[-0.04654084 -0.31044603 -0.04383774]
[-0.04619872 -0.31049362 -0.04318042]
[-0.04509479 -0.31062729 -0.04102443]
[-0.04477722 -0.31067551 -0.04042136]
[-0.04382567 -0.31765434  0.03673971]
[-0.0436649  -0.28223696  0.13757999]
[-0.0421736  -0.14985723  0.10924011]
[-0.04189911 -0.31729232  0.04344909]
[-0.0415536  -0.30876712 -0.03009013]
[-0.04007968 -0.1519212   0.10896356]
[-0.03997155 -0.28540812  0.13597053]
[-0.03950042 -0.30774587 -0.02385098]
[-0.03871096 -0.30701385 -0.02405198]
[-0.03794558 -0.31403081  0.05033985]
[-0.03670677 -0.28911969  0.10932797]
[-0.03577575 -0.15610376  0.10852176]
[-0.03573508 -0.15614097  0.10852249]
[-0.03560816 -0.15614545  0.10849805]
[-0.03512122 -0.28961934  0.13256133]
[-0.03441016 -0.30234944 -0.02543203]
[-0.03401631 -0.3112131   0.05834553]
[-0.0335802  -0.31090295  0.05922801]
[-0.03348843 -0.31085133  0.05938164]
[-0.03340358 -0.31079151  0.0595521 ]
[-0.03123045 -0.30898578  0.06456115]
[-0.03064599 -0.29350607  0.12938316]
[-0.03041002 -0.29362189  0.12921969]
[-0.02924493 -0.19633979 -0.03638446]
[-0.02896441 -0.29491408 -0.02782374]
[-0.02813966 -0.29393974 -0.02812204]
[-0.02568231 -0.2899978  -0.02453019]
[-0.02536644 -0.29596168  0.12338973]
[-0.02504103 -0.29611095  0.1229846 ]
[-0.02383195 -0.3028759   0.08152578]
[-0.02355183 -0.30248681  0.0825389 ]
[-0.02295412 -0.28580967 -0.02068727]
[-0.02213793 -0.30033617  0.08809144]
[-0.0216566  -0.29748115  0.11563765]
[-0.02159021 -0.28361993 -0.01869227]
[-0.02132949 -0.29751962  0.11331273]
[-0.0189945  -0.29551115  0.10370235]
[-0.01886303 -0.29543875  0.10328781]
[-0.0185809  -0.29488496  0.10115883]
[-0.01837256 -0.29445733  0.09952857]
[-0.01395228 -0.26509065 -0.00270028]
[-0.01314434 -0.26917457 -0.00565726]
[-0.01191567 -0.26707281 -0.00375465]
[-0.01165412 -0.26663658 -0.00357477]
[-0.01081371 -0.26539012 -0.00306763]
[-0.00869385 -0.26218185 -0.0049774 ]
[-0.00211151 -0.25221544 -0.01112984]
[ 0.00304351 -0.14470119  0.03478646]
[ 0.00379417 -0.24397527 -0.0162835 ]
[ 0.01080956 -0.15818957  0.10142059]
[ 0.01127974 -0.15807693  0.10134174]
[ 0.01269206 -0.23177883 -0.02393415]
[ 0.0131982  -0.2310858  -0.02438831]
[ 0.02115662 -0.1558791   0.09907645]
[ 0.02414811 -0.15530615  0.09805492]
[ 0.02422459 -0.15708279  0.09154884]
[ 0.03043646 -0.16291319  0.09595016]
[ 0.03072531 -0.163085    0.09585263]
[ 0.03119747 -0.21085592 -0.03815796]
[ 0.03162929 -0.21035302 -0.03838016]
[ 0.03811566 -0.16753052  0.09350855]
[ 0.03900986 -0.20143596 -0.04228909]
[ 0.04001341 -0.14998041 -0.06017536]
[ 0.04403436 -0.17093905  0.09116948]
[ 0.04629579 -0.00018191 -0.11494954]
[ 0.04635674 -0.192978   -0.04603565]
[ 0.04653511 -0.17289198  0.0901868 ]
[ 0.04999636 -0.17579563  0.08790619]
[ 0.0503656  -0.18134053  0.05324951]
[ 0.05079284 -0.17660759  0.08672167]
[ 0.0516293  -0.18133807  0.06558236]
[ 0.05181673 -0.18122085  0.06882186]
[ 0.05220967 -0.18078291  0.0720847 ]
[ 0.052574   -0.17863748  0.08309035]
[ 0.05297542 -0.17979177  0.07907493]
[ 0.05304045 -0.18000931  0.07828428]
[ 0.05412652 -0.17461232  0.04550063]
[ 0.05825782 -0.16863419  0.03833918]
[ 0.061145   -0.17681522 -0.05736314]
[ 0.06264263 -0.16215955  0.02859506]
[ 0.06381652 -0.16050574  0.02608163]
[ 0.0650215  -0.15913844  0.02389706]
[ 0.06800006 -0.14752179  0.00863652]
[ 0.0685028  -0.16916072 -0.06469978]
[ 0.06943646 -0.15380789  0.01550886]
[ 0.07097929 -0.15214248  0.01041263]
[ 0.0734457  -0.16355734 -0.06985408]
[ 0.07402954 -0.10202695 -0.00656094]
[ 0.07534767 -0.14697453  0.00094633]
[ 0.07548433 -0.14681824  0.00065562]
[ 0.07867839 -0.12135704 -0.09548375]
[ 0.08087241 -0.02771518 -0.19540878]
[ 0.08203061 -0.15398921 -0.0794416 ]
[ 0.08557269 -0.14982243 -0.08351652]
[ 0.08777306 -0.13170143 -0.01517323]
[ 0.08788257 -0.07457959 -0.15691565]
[ 0.09054345 -0.14431797 -0.09068051]
[ 0.09104657 -0.12814395 -0.01929815]
[ 0.09624751 -0.13800149 -0.09890134]
[ 0.09764382 -0.13638527 -0.1009562 ]
[ 0.09958666 -0.11699032 -0.02062566]
[ 0.10170099 -0.04100984 -0.19649466]
[ 0.10339722 -0.04556666 -0.19339837]
[ 0.10407499 -0.11043905 -0.02117944]
[ 0.10662219 -0.06280438 -0.05900241]
[ 0.10755101 -0.12291489 -0.10739008]
[ 0.10804754 -0.12204396 -0.10774536]
[ 0.10919725 -0.05631012 -0.18724597]
[ 0.1114035  -0.06148268 -0.18391024]
[ 0.11198653 -0.03655493 -0.18901599]
[ 0.11416479 -0.11252964 -0.12213437]
[ 0.1150254  -0.06819182 -0.17881783]
[ 0.11638472 -0.09553824 -0.04105163]
[ 0.11642245 -0.09549648 -0.04113591]
[ 0.11652133 -0.03600004 -0.18522258]
[ 0.11657273 -0.10897958 -0.12755927]
[ 0.11680488 -0.09545348 -0.16706902]
[ 0.11688933 -0.08851287 -0.16890736]
[ 0.11717743 -0.08025544 -0.17119534]
[ 0.11770468 -0.0956245  -0.16530825]
[ 0.1178956  -0.07500365 -0.17319752]
[ 0.1179422  -0.07532848 -0.17287918]
[ 0.11861341 -0.09564175 -0.16285515]
[ 0.11894359 -0.10522161 -0.13122683]
[ 0.12086424 -0.0907742  -0.05088083]
[ 0.12270209 -0.09453041 -0.1466565 ]
[ 0.12311074 -0.09442991 -0.14508344]
[ 0.12346372 -0.0939841  -0.14216621]
[ 0.12348221 -0.0939586  -0.14200412]
[ 0.12355855 -0.0349663  -0.1790678 ]
[ 0.12484345 -0.08552659 -0.0605397 ]
[ 0.13654819 -0.06749495 -0.07277923]
[ 0.13670212 -0.06724318 -0.07294523]
[ 0.13832858 -0.01828735 -0.14362402]
[ 0.13842915 -0.03044336 -0.16243138]
[ 0.13883917 -0.03023821 -0.16184779]
[ 0.13889082 -0.06466618 -0.08600256]
[ 0.14050671 -0.06141747 -0.10123272]
[ 0.14296809 -0.0564893  -0.10933851]
[ 0.14433583 -0.05147129 -0.11622176]
[ 0.14540367 -0.02306966 -0.15468032]
[ 0.14784641 -0.0418035  -0.13053685]
[ 0.14811859 -0.03906681 -0.1337206 ]
[ 0.14893421 -0.02413204 -0.14807046]
[ 0.15094827 -0.026296   -0.14292415]
[ 0.15120091 -0.02486879 -0.14432756]
[ 0.15125648 -0.02537445 -0.14362493]
[ 0.15134642 -0.02490219 -0.1439601 ]