[ 0.01639893  0.02950352 -0.248714  ]
[ 0.0165303   0.03254828 -0.24934639]
[ 0.01655431  0.06308356 -0.26060124]
[ 0.01657393  0.04242567 -0.25285084]
[ 0.01842965  0.01064792 -0.24422001]
[ 0.01852644  0.07409759 -0.26458196]
[ 0.02013362  0.07432455 -0.25118361]
[ 0.02101058  0.01132163 -0.2244428 ]
[ 0.02270345  0.07746979 -0.26552769]
[ 0.02340881 -0.0025216  -0.24035795]
[ 0.02381085 -0.00368413 -0.24028107]
[ 0.02561067  0.11590292 -0.15274816]
[ 0.03943695  0.09184754 -0.28047992]
[ 0.04240709 -0.00780877 -0.2371738 ]
[ 0.04417408 -0.00936628 -0.23686802]
[ 0.04462044  0.09629173 -0.28498863]
[ 0.04629579 -0.00018191 -0.11494954]
[ 0.0507221   0.16991391 -0.23321817]
[ 0.05089793  0.09854362 -0.28751623]
[ 0.05482931  0.09988898 -0.28916391]
[ 0.05631774  0.10023005 -0.289623  ]
[ 0.05881007 -0.02214825 -0.22711542]
[ 0.0591203   0.10771415 -0.28462499]
[ 0.06406     0.10359617 -0.29064689]
[ 0.06654429 -0.02672109 -0.22224302]
[ 0.06830595  0.10817933 -0.29357799]
[ 0.0692497  -0.02733286 -0.22066602]
[ 0.07138233  0.11016625 -0.29454702]
[ 0.08041829 -0.02999403 -0.21527202]
[ 0.08087241 -0.02771518 -0.19540878]
[ 0.0853779  -0.03363206 -0.21233676]
[ 0.09105707 -0.03752165 -0.20690311]
[ 0.09241946 -0.03801137 -0.20571428]
[ 0.09894453  0.08956833 -0.01703496]
[ 0.09899691  0.12800144 -0.30324534]
[ 0.10170099 -0.04100984 -0.19649466]
[ 0.10638248  0.1325044  -0.30586775]
[ 0.10872795  0.13444235 -0.30613762]
[ 0.11146112  0.1363901  -0.30626009]
[ 0.11198653 -0.03655493 -0.18901599]
[ 0.11652133 -0.03600004 -0.18522258]
[ 0.1182488   0.14079372 -0.30687593]
[ 0.12355855 -0.0349663  -0.1790678 ]
[ 0.12387572  0.14284189 -0.30853861]
[ 0.13369997  0.16482301 -0.2982078 ]
[ 0.13709505  0.1829006  -0.19692152]
[ 0.13832858 -0.01828735 -0.14362402]
[ 0.13842915 -0.03044336 -0.16243138]
[ 0.13883917 -0.03023821 -0.16184779]
[ 0.14540367 -0.02306966 -0.15468032]
[ 0.14612784  0.14256022 -0.31062863]
[ 0.1482062   0.14070195 -0.30984348]
[ 0.14893421 -0.02413204 -0.14807046]
[ 0.15120091 -0.02486879 -0.14432756]
[ 0.15134642 -0.02490219 -0.1439601 ]
[ 0.15161225 -0.02480289 -0.14347171]
[ 0.15733116 -0.00059873 -0.07728292]
[ 0.15819872 -0.02071749 -0.12793698]
[ 0.15941608 -0.02005285 -0.12488892]
[ 0.16145487 -0.01853222 -0.11873879]
[ 0.1631689   0.13158086 -0.29765679]
[ 0.16391302  0.16401437 -0.10409203]
[ 0.1673006  -0.01115599 -0.09336723]
[ 0.16806869 -0.01063119 -0.08679434]
[ 0.16840362 -0.01049685 -0.08447985]
[ 0.16890401 -0.00965676 -0.07728936]
[ 0.17156278  0.12521602 -0.28938323]
[ 1.74125077e-01 -8.07878480e-05 -7.60663206e-02]
[ 0.17696279  0.12109586 -0.2841273 ]
[ 0.18431837  0.11562469 -0.27659902]
[ 0.18558483  0.02084864 -0.06528397]
[ 0.18628186  0.0482422  -0.05199419]
[ 0.18702434  0.12126699 -0.25381118]
[ 0.18965788  0.02718397 -0.0619854 ]
[ 0.19426544  0.09865172 -0.2519595 ]
[ 0.19569969  0.10271052 -0.25930603]
[ 0.19593486  0.03683306 -0.05516618]
[ 0.19633718  0.10732553 -0.26511078]
[ 0.19967677  0.04261963 -0.0516242 ]
[ 0.20179867  0.04625297 -0.04945116]
[ 0.20655413  0.09041381 -0.22688821]
[ 0.21019565  0.06056925 -0.04249901]
[ 0.21047696  0.06104241 -0.04243819]
[ 0.21284844  0.08618935 -0.21405023]
[ 0.2153473   0.08528239 -0.21052763]
[ 0.21731     0.08450256 -0.20762293]
[ 0.22095449  0.07870274 -0.04017867]
[ 0.2231455   0.10761786 -0.04361655]
[ 0.22777329  0.09012735 -0.04060218]
[ 0.23031357  0.08736653 -0.18972219]
[ 0.23192855  0.09774388 -0.04094587]
[ 0.23402095  0.08781392 -0.18455682]
[ 0.23546989  0.08869381 -0.18265606]
[ 0.23753866  0.10760868 -0.04658819]
[ 0.23827451  0.0918125  -0.17921375]
[ 0.23899475  0.10927913 -0.05906537]
[ 0.24253468  0.11520433 -0.06633085]
[ 0.24422587  0.09683628 -0.17164246]
[ 0.24647922  0.12192723 -0.0745095 ]
[ 0.24873438  0.1012497  -0.16120765]
[ 0.25052498  0.12756828 -0.08203644]
[ 0.25093527  0.1348464  -0.16851991]
[ 0.25157598  0.10592967 -0.15537987]
[ 0.25246892  0.10687427 -0.15540275]
[ 0.2539484   0.15495861 -0.10394048]
[ 0.25734376  0.13558767 -0.09370029]
[ 0.26044702  0.13885745 -0.10001857]
[ 0.26197115  0.1180236  -0.15613407]
[ 0.26388276  0.14232216 -0.10689764]
[ 0.26436157  0.13359822 -0.12923007]
[ 0.26441697  0.13325522 -0.12999179]
[ 0.26448517  0.13293789 -0.13064259]
[ 0.26458772  0.13233493 -0.13196519]
[ 0.26467072  0.12108483 -0.1562946 ]
[ 0.26479126  0.13037914 -0.13666584]