[-0.04277523  0.06113655  0.09601095]
[-0.03727234  0.05612473  0.11464221]
[-0.03247373  0.0502656   0.11498243]
[-0.03247371  0.04435646  0.1146221 ]
[-0.02791099  0.0332369   0.11475722]
[-0.0278874   0.03317567  0.11474973]
[-0.02724635  0.04389911  0.11552586]
[-0.02582502  0.03007479  0.1144307 ]
[-0.02466674  0.03723811  0.11557943]
[-0.02231385  0.03137663  0.11486892]
[-0.02128099  0.0232803   0.11358566]
[-0.01863285  0.02225599  0.11358206]
[-0.01565203  0.01475391  0.11295255]
[-0.01497089  0.02470315  0.07144022]