[0.18000584 0.43466396 0.36806517]
[0.1801256  0.43591976 0.36828137]
[0.1821217  0.4307419  0.37016587]
[0.18374209 0.44322675 0.36944654]
[0.18435412 0.42740032 0.37192775]
[0.18657708 0.44825771 0.37023781]
[0.18756792 0.41567732 0.36883774]
[0.18757885 0.41689558 0.36963969]
[0.18772238 0.41404125 0.3675466 ]
[0.1878044  0.42388708 0.37370849]
[0.18790211 0.42307909 0.37337114]
[0.1879273  0.42374211 0.37378324]
[0.18838498 0.45041761 0.37055872]
[0.19162518 0.4552526  0.3698061 ]
[0.19473967 0.459899   0.36908264]
[0.19796285 0.46409506 0.36831637]
[0.19836285 0.43384817 0.36733844]
[0.20100314 0.47138626 0.361973  ]
[0.20162401 0.47288073 0.36067764]
[0.20211681 0.4023346  0.37204626]
[0.20220486 0.47407897 0.35946483]
[0.20291145 0.40167568 0.37229623]
[0.20303389 0.40153059 0.37229778]
[0.20340059 0.40116175 0.37229038]
[0.20485798 0.39994217 0.37221591]
[0.2067065  0.48330729 0.35006526]
[0.20916883 0.48743421 0.3449196 ]
[0.21037372 0.48926972 0.34240084]
[0.21075935 0.48966128 0.34159379]
[0.21279207 0.49181551 0.33734016]
[0.2152503 0.4945301 0.331696 ]
[0.21668703 0.49226835 0.32917277]
[0.21702224 0.49567649 0.33133143]
[0.21878525 0.49603324 0.33042153]
[0.21930486 0.38748715 0.37154456]
[0.22484386 0.49708667 0.32973975]
[0.22561428 0.38356427 0.37097386]
[0.22725007 0.49671857 0.3291255 ]
[0.22843995 0.38172086 0.37073411]
[0.23214684 0.49529786 0.32758218]
[0.23389449 0.4947764  0.32729138]
[0.23462168 0.37842403 0.37104446]
[0.24178417 0.49143627 0.32585193]
[0.24282987 0.37515738 0.37104241]
[0.24580483 0.48942861 0.32507913]
[0.24685014 0.4536542  0.32034941]
[0.24704251 0.3725977  0.37002615]
[0.25191913 0.36962911 0.36885054]
[0.25462893 0.48335434 0.32316877]
[0.25507964 0.36838657 0.36798576]
[0.25830712 0.48080166 0.32303794]
[0.25870116 0.48052801 0.32302391]
[0.26159208 0.36862419 0.36953334]
[0.26285797 0.39180342 0.36186058]
[0.26524603 0.36862368 0.37044778]
[0.26806822 0.36908838 0.37099375]
[0.26980391 0.47059476 0.3224325 ]
[0.27019805 0.47023023 0.3225957 ]
[0.27351312 0.36954799 0.37150301]
[0.2745153  0.46589601 0.32444964]
[0.27837027 0.36994075 0.37196374]
[0.27900056 0.45969095 0.32670668]
[0.27956393 0.37028546 0.3719843 ]
[0.2842011  0.45294884 0.32923567]
[0.28557452 0.3724319  0.37193445]
[0.28576526 0.45048269 0.33008154]
[0.2862736  0.44959664 0.3307319 ]
[0.28627482 0.3728898  0.37185105]
[0.28656426 0.3730756  0.37181231]
[0.28977166 0.44057748 0.33701741]
[0.29054524 0.37758097 0.37052558]
[0.29119735 0.37909031 0.37001658]
[0.29123693 0.4368366  0.33962731]
[0.29184144 0.43293042 0.34216782]
[0.29206037 0.43143173 0.34313994]
[0.2924448  0.38225641 0.36893509]
[0.29250871 0.38296354 0.36866899]
[0.29318405 0.39181116 0.36532538]
[0.29392136 0.39586493 0.3623842 ]
[0.29403572 0.42107617 0.34795824]
[0.29457975 0.40262185 0.35741645]
[0.29471862 0.41193888 0.35221782]
[0.29476519 0.40573863 0.35511143]