[-0.24984632 -0.24401656  0.08213073]
[-0.24984615 -0.24401656  0.08213132]
[-0.24856579 -0.24353847  0.09007156]
[-0.24847721 -0.24174616  0.07560053]
[-0.2484763  -0.24174555  0.07559681]
[-0.24847486 -0.24174481  0.07559102]
[-0.2482034  -0.24142992  0.0609603 ]
[-0.24721334 -0.23996445  0.06978356]
[-0.24427481 -0.24385688  0.10332969]
[-0.24361845 -0.24389181  0.10545344]
[-0.24334216 -0.24393303  0.10616308]
[-0.24323662 -0.25031006  0.06220964]
[-0.24230259 -0.23299539  0.05475426]
[-0.24048332 -0.24428249  0.11404155]
[-0.23931125 -0.24440322  0.11742829]
[-0.2373037  -0.22691115  0.04992663]
[-0.23644444 -0.24289803  0.12149156]
[-0.23455294 -0.22191374  0.04660196]
[-0.23328639 -0.24241906  0.12474626]
[-0.23215356 -0.21633147  0.04320647]
[-0.2308495  -0.24190064  0.12741188]
[-0.2276009  -0.24294339  0.13373667]
[-0.22736834 -0.20643573  0.03274743]
[-0.22663535 -0.20657557  0.02621109]
[-0.22618976 -0.20665973  0.02059635]
[-0.22585251 -0.2067245   0.01841243]
[-0.22429053 -0.24449895  0.13843666]
[-0.22306156 -0.24502926  0.14034854]
[-0.22279451 -0.20463342  0.00370456]
[-0.22151249 -0.20381006 -0.00211594]
[-0.22029224 -0.20335832 -0.00550374]
[-0.2200865  -0.20280138 -0.00578926]
[-0.2193054  -0.19884654 -0.00746944]
[-0.21860867 -0.24485954  0.14420433]
[-0.21712613 -0.19182055 -0.01085874]
[-0.21561025 -0.2553483   0.126794  ]
[-0.21429406 -0.17872411 -0.01045756]
[-0.21196862 -0.16901908 -0.01139882]
[-0.21193054 -0.20945177  0.03086003]
[-0.2118591  -0.16824883 -0.0114439 ]
[-0.21177408 -0.16780599 -0.01147852]
[-0.20561233 -0.14580642 -0.01396366]
[-0.20449399 -0.24801219  0.14946253]
[-0.20157799 -0.24830847  0.1502261 ]
[-0.20135826 -0.13115106 -0.01898808]
[-0.20089662 -0.24837337  0.15041464]
[-0.20041109 -0.24847297  0.15042445]
[-0.19994365 -0.1266115  -0.02056839]
[-0.19976983 -0.20290919 -0.016133  ]
[-0.19533578 -0.11225781 -0.02869363]
[-0.19324507 -0.10636247 -0.03207982]
[-0.18654877 -0.08697599 -0.03079092]
[-0.18356181 -0.07836556 -0.03021605]
[-0.18304541 -0.07684497 -0.03011661]
[-0.18272403 -0.076069   -0.030055  ]
[-0.17798291 -0.0646506  -0.03511002]
[-0.17795206 -0.06501206 -0.09724246]
[-0.17765641 -0.06410162 -0.09503133]
[-0.17684293 -0.06213253 -0.0900022 ]
[-0.17675182 -0.06191254 -0.08920768]
[-0.17650782 -0.25272079  0.15243809]
[-0.17646053 -0.0611397  -0.12486159]
[-0.17638533 -0.06093293 -0.12563414]
[-0.17637914 -0.0608979  -0.17649102]
[-0.17632288 -0.252762    0.15243419]
[-0.1760934  -0.06021552 -0.12833966]
[-0.17599905 -0.05998493 -0.12920966]
[-0.17596946 -0.05960439 -0.17968636]
[-0.17596106 -0.06000111 -0.08230593]
[-0.17581785 -0.05964928 -0.0810402 ]
[-0.17553479 -0.0582731  -0.16281827]
[-0.17511921 -0.0569278  -0.18240084]
[-0.17486192 -0.05714531 -0.04073759]
[-0.17416634 -0.05527521 -0.14690348]
[-0.1737679  -0.05362349 -0.18599898]
[-0.17336712 -0.25364567  0.15250621]
[-0.17208107 -0.04951876 -0.19047544]
[-0.17055402 -0.1265828  -0.02784909]
[-0.16956204 -0.0672204  -0.08968689]
[-0.16887807 -0.04276463 -0.05339738]
[-0.16852213 -0.04090125 -0.19988775]
[-0.16704595 -0.06445425 -0.02709108]
[-0.16562691 -0.25580185  0.1532169 ]
[-0.16539724 -0.25057555  0.04520797]
[-0.16455551 -0.03136382 -0.20457208]
[-0.16371405 -0.02982438 -0.20549697]
[-0.163078   -0.25650798  0.15346387]
[-0.16234867 -0.02673149 -0.22310645]
[-0.16210614 -0.02661197 -0.22446707]
[-0.16146812 -0.26061004  0.1415302 ]
[-0.15415986 -0.25897861  0.15432795]
[-0.15406006 -0.01614941 -0.22805809]
[-0.15262538 -0.04113203 -0.04448959]
[-0.15160286 -0.00539428  0.06242632]
[-0.15072194 -0.00193135  0.05236697]
[-0.15042444 -0.00086408  0.04926037]
[-0.15003616 -0.002939    0.06850894]
[-0.1496099   0.00167083  0.04185564]
[-0.14958307 -0.01026755 -0.23008293]
[-0.14864868  0.00477517 -0.06842664]
[-0.14863182 -0.0402552  -0.21666508]
[-0.14855243  0.00522846  0.02223477]
[-0.14851455  0.00532279  0.0186126 ]
[-0.1483731   0.00503453  0.03199211]
[-0.14823575  0.00563383 -0.06094748]
[-0.14764044  0.00760694 -0.04410042]
[-0.14749555  0.00760486 -0.07979464]
[-0.14734776  0.0078906  -0.0810331 ]
[-0.1470141   0.00871392  0.00751607]
[-0.14695245 -0.00054752  0.07641121]
[-0.14644185 -0.00632453 -0.233458  ]
[-0.14640754  0.01037352 -0.02009639]
[-0.14623507  0.01073123 -0.01698026]
[-0.14614641  0.01074608  0.00085451]
[-0.14540278  0.00065394  0.0803818 ]
[-0.14494549  0.00075685  0.08113397]
[-0.1441171  -0.00464218 -0.23538353]
[-0.14403005 -0.00071814  0.0843275 ]
[-0.14309618  0.01741559 -0.08189636]
[-0.14211524 -0.00334231  0.08935653]
[-0.14110172  0.00215588 -0.08279157]
[-0.14054798  0.02301137 -0.08542602]
[-0.13945142 -0.26031576  0.15418702]
[-0.13873235 -0.00672814  0.09376449]
[-0.13713257 -0.06207891 -0.15336228]
[-0.1364419  -0.00767014  0.09618578]
[-0.13642446 -0.00767737  0.09620315]
[-0.13634771 -0.00771116  0.09624417]
[-0.13536601  0.0336588  -0.09253428]
[-0.13392343  0.00435029 -0.24457488]
[-0.13329392  0.00451234 -0.24496037]
[-0.12975206 -0.20477024 -0.01740978]
[-0.12869752  0.04970273 -0.10190432]
[-0.1279394  -0.26127451  0.15456893]
[-0.12684024 -0.01190089  0.10126295]
[-0.12671433 -0.01208288  0.10135302]
[-0.12466117  0.05824668 -0.11844653]
[-0.12359166  0.06025509 -0.12248259]
[-0.12301618 -0.01704795  0.10249354]
[-0.12268234  0.01108695  0.00855254]
[-0.12082606  0.06499224 -0.13605521]
[-0.12038083 -0.01586189  0.0846142 ]
[-0.11980767  0.00636449 -0.25601734]
[-0.11938822  0.06667943 -0.14158198]
[-0.11863472  0.00653521 -0.25698743]
[-0.11749519  0.00610002 -0.25740437]
[-0.11735571 -0.02466714  0.10431667]
[-0.11715726 -0.26224555  0.15451707]
[-0.11711778 -0.29019214  0.07859083]
[-0.11545789  0.00544183 -0.25825457]
[-0.11524453 -0.26213044  0.15435391]
[-0.11495667  0.07182059 -0.15879482]
[-0.11462739  0.07223207 -0.16013286]
[-0.11339634  0.07316208 -0.16391635]
[-0.11227473  0.0740848  -0.16751455]
[-0.11176508 -0.0245011   0.10545568]
[-0.10729733 -0.30673565 -0.00708652]
[-0.1068831  -0.00875826 -0.25183945]
[-0.10642738 -0.13384641 -0.23353133]
[-0.10531538  0.08249687 -0.18497266]
[-0.10530528 -0.2616629   0.15322454]
[-0.10440948 -0.00324571 -0.26751891]
[-0.10424252 -0.00339089 -0.26767154]
[-0.103734   -0.02387103  0.10625177]
[-0.10250235 -0.15096547 -0.24997708]
[-0.10225676  0.08463136 -0.1901985 ]
[-0.10164489 -0.26546104  0.1442503 ]
[-0.10119739 -0.15718912 -0.2477214 ]
[-0.10113573 -0.1575614  -0.2464792 ]
[-0.10082977 -0.15939728 -0.24048296]
[-0.10077119 -0.14360365 -0.25243266]
[-0.10072182 -0.15997428 -0.23939383]
[-0.10049836  0.04867763 -0.13497901]
[-0.09996343 -0.26361311  0.15379136]
[-0.09982892  0.08173507 -0.19893267]
[-0.09862071 -0.13465297 -0.25554556]
[-0.09840661  0.07949091 -0.20623685]
[-0.09767426 -0.1308376  -0.25695545]
[-0.09761016 -0.16380336 -0.23529739]
[-0.09690894  0.07799096 -0.21047913]
[-0.09643901  0.0777054  -0.21163823]
[-0.09603542 -0.02323822  0.10695305]
[-0.09542299 -0.12812671 -0.25792583]
[-0.09450297 -0.1675221  -0.23113348]
[-0.09304345 -0.01703569 -0.27106857]
[-0.09125733 -0.26705593  0.15370965]
[-0.09096364 -0.1227117  -0.25972992]
[-0.09047021 -0.26725757  0.15365791]
[-0.08992761 -0.12145159 -0.2601437 ]
[-0.08807329 -0.17539269 -0.22263991]
[-0.08766748  0.07344614 -0.22579741]
[-0.08713452  0.07391386 -0.22610292]
[-0.08699431  0.0740608  -0.22621927]
[-0.08613907 -0.0241918  -0.27536224]
[-0.08612467 -0.02813055  0.10796922]
[-0.08571985 -0.1154486  -0.26213332]
[-0.08461969 -0.17960299 -0.21806564]
[-0.08446829 -0.02661654 -0.27518776]
[-0.08078155 -0.18497326 -0.21346584]
[-0.08047854 -0.03233302 -0.27473832]
[-0.08019996 -0.27005583  0.15139147]
[-0.07937156 -0.03394327 -0.27456975]
[-0.07923034 -0.10607315 -0.26500403]
[-0.07763933 -0.27075798  0.15078378]
[-0.07686223 -0.1025258  -0.26583868]
[-0.07680465 -0.18922922 -0.21083074]
[-0.07649328  0.08320294 -0.23212838]
[-0.07429632 -0.27179167  0.15002474]
[-0.07394666 -0.18651634 -0.19966089]
[-0.0731058  -0.19302945 -0.20812567]
[-0.07293321 -0.19320572 -0.20799775]
[-0.07264626 -0.09610821 -0.26715219]
[-0.07228664 -0.04669157 -0.27456397]
[-0.07170411  0.08727849 -0.234682  ]
[-0.07141637  0.08758396 -0.23492666]
[-0.07081394 -0.09334739 -0.26777088]
[-0.0705425  -0.0498683  -0.27443352]
[-0.06939632  0.08549763 -0.23705532]
[-0.06817371 -0.27384922  0.14770787]
[-0.06791856 -0.03750308  0.10818879]
[-0.06646025 -0.08406323 -0.26988617]
[-0.06605051  0.08204608 -0.24076151]
[-0.06545671 -0.03878435  0.10815902]
[-0.06518815 -0.20212054 -0.20051312]
[-0.06392848 -0.06190412 -0.27397507]
[-0.0637978  -0.06980022 -0.24823869]
[-0.0636797  -0.07804364 -0.2709963 ]
[-0.063263   -0.20436812 -0.19870608]
[-0.06320214 -0.06318198 -0.27407221]
[-0.06280086 -0.06390376 -0.2740728 ]
[-0.06119722 -0.07270874 -0.27209271]
[-0.0597956  -0.06970725 -0.27274015]
[-0.05958789 -0.20786975 -0.19650687]
[-0.05919608 -0.04174734  0.10809606]
[-0.05782274 -0.20957165 -0.19546484]
[-0.05750428  0.07312741 -0.24563673]
[-0.05733304 -0.27739127  0.14417516]
[-0.05701899 -0.05793924 -0.06378165]
[-0.05666896 -0.29173927 -0.03293057]
[-0.05513631  0.07096206 -0.24694604]
[-0.05513388  0.06950699 -0.19552953]
[-0.05210579 -0.21404635 -0.19135453]
[-0.05110884 -0.05170843  0.08465772]
[-0.05084567 -0.31606818  0.04101126]
[-0.04933593 -0.04657792  0.10737233]
[-0.04805299 -0.2806846   0.13967861]
[-0.04401431  0.06080657 -0.25362154]
[-0.04382567 -0.31765434  0.03673971]
[-0.0436649  -0.28223696  0.13757999]
[-0.04332498 -0.31615471  0.0346452 ]
[-0.0428173   0.0597166  -0.25444709]
[-0.04230502 -0.31400174  0.03137942]
[-0.04190109 -0.31179822  0.02433689]
[-0.04189911 -0.31729232  0.04344909]
[-0.04167239  0.05865211 -0.25445904]
[-0.04068421 -0.05636756  0.10626546]
[-0.03997155 -0.28540812  0.13597053]
[-0.03920843  0.05634059 -0.25375506]
[-0.03857875 -0.30602839  0.00505632]
[-0.0383316  -0.20573167 -0.24897048]
[-0.03817575 -0.30505268  0.00185476]
[-0.03794558 -0.31403081  0.05033985]
[-0.03768868 -0.20480369 -0.24895876]
[-0.03731667 -0.060127    0.10599867]
[-0.03689731 -0.20765556 -0.24619607]
[-0.03683729 -0.22604341 -0.18040981]
[-0.03670677 -0.28911969  0.10932797]
[-0.03668798 -0.30353193 -0.00345403]
[-0.0366048  -0.20211977 -0.24970926]
[-0.03512122 -0.28961934  0.13256133]
[-0.03476859 -0.30148701 -0.01056258]
[-0.03401631 -0.3112131   0.05834553]
[-0.0335802  -0.31090295  0.05922801]
[-0.03348843 -0.31085133  0.05938164]
[-0.03340358 -0.31079151  0.0595521 ]
[-0.03209288 -0.22132749 -0.17102384]
[-0.03203679 -0.29753001 -0.00929034]
[-0.03165659 -0.23115139 -0.17479006]
[-0.03131101 -0.19437255 -0.25322052]
[-0.03123045 -0.30898578  0.06456115]
[-0.03116615  0.0488366  -0.25289874]
[-0.03065922 -0.21263779 -0.23645876]
[-0.03064599 -0.29350607  0.12938316]
[-0.03060202 -0.19327999 -0.2537546 ]
[-0.03041002 -0.29362189  0.12921969]
[-0.03006735 -0.23219544 -0.17283015]
[-0.02924493 -0.19633979 -0.03638446]
[-0.02913598 -0.19118949 -0.25466318]
[-0.02888065 -0.21361907 -0.23398473]
[-0.02806808 -0.13459717 -0.15138786]
[-0.02679191 -0.1868232  -0.25730417]
[-0.02666294 -0.2147658  -0.23124466]
[-0.02536644 -0.29596168  0.12338973]
[-0.02511875 -0.18411442 -0.25871593]
[-0.02504103 -0.29611095  0.1229846 ]
[-0.02488723 -0.21575077 -0.22900839]
[-0.02481999 -0.18342501 -0.25893332]
[-0.02383195 -0.3028759   0.08152578]
[-0.02371566 -0.06106835  0.10532701]
[-0.02355183 -0.30248681  0.0825389 ]
[-0.02308467 -0.06111447  0.10530305]
[-0.02242224 -0.20140188 -0.2358591 ]
[-0.0223405  -0.06144932  0.10525095]
[-0.02233371 -0.06145236  0.10525054]
[-0.02233236 -0.06145297  0.10525046]
[-0.02213793 -0.30033617  0.08809144]
[-0.0216566  -0.29748115  0.11563765]
[-0.02132949 -0.29751962  0.11331273]
[-0.02016506 -0.21826095 -0.2231306 ]
[-0.0189945  -0.29551115  0.10370235]
[-0.01886303 -0.29543875  0.10328781]
[-0.0185809  -0.29488496  0.10115883]
[-0.01837256 -0.29445733  0.09952857]
[-0.01756629 -0.16699899 -0.263882  ]
[-0.01733938 -0.23406566 -0.17297124]
[-0.01599851 -0.27365653 -0.00200947]
[-0.01585045 -0.23768217 -0.16469795]
[-0.0156824  -0.23793613 -0.16432461]
[-0.01473858 -0.27157278 -0.00149863]
[-0.01395228 -0.26509065 -0.00270028]
[-0.01379351 -0.15903583 -0.26584328]
[-0.01272322 -0.26829372 -0.00177143]
[-0.01191567 -0.26707281 -0.00375465]
[-0.01110933 -0.22054734 -0.22341001]
[-0.01108097 -0.1533369  -0.26722552]
[-0.01098988 -0.15280559 -0.26724468]
[-0.01071772 -0.26526167 -0.00669664]
[-0.01011815 -0.22076705 -0.22346459]
[-0.00903307 -0.2436164  -0.15646039]
[-0.00854374 -0.14909876 -0.26569063]
[-0.00713277 -0.1469606  -0.26479423]
[-0.00643528 -0.14914265 -0.26371675]
[-0.006173   -0.25838862 -0.01781653]
[-0.00491821  0.02937121 -0.25073842]
[-0.0049069  -0.2570674  -0.02045506]
[-0.00418527 -0.14544383 -0.26526727]
[-0.0038581  -0.23920858 -0.10701224]
[-0.00358542 -0.24806829 -0.14902685]
[ 1.99987539e-04 -1.40683744e-01 -2.63980394e-01]
[ 0.00154211  0.02401762 -0.25013567]
[ 0.00178986 -0.24913754 -0.03513973]
[ 0.00196365 -0.24887657 -0.03529916]
[ 0.00222377 -0.25196746 -0.1369374 ]
[ 0.00224255 -0.07268801  0.10227864]
[ 0.00246926 -0.13826667 -0.26323324]
[ 0.00297423 -0.22612402 -0.2125161 ]
[ 0.00309026 -0.25263649 -0.13556329]
[ 0.00581647 -0.22719119 -0.21015335]
[ 0.00697146 -0.13347123 -0.2617509 ]
[ 0.00715366 -0.24172996 -0.03986687]
[ 0.00772676 -0.15681781 -0.21900866]
[ 0.0091739  -0.07935393  0.0767629 ]
[ 0.00970016 -0.22808018 -0.20993134]
[ 0.01102119 -0.0752367   0.10125271]
[ 0.01265399 -0.25345331 -0.12968545]
[ 0.01361753 -0.23624468 -0.05060407]
[ 0.01372502 -0.23462261 -0.04506996]
[ 0.01373037 -0.23782353 -0.05540806]
[ 0.01386887 -0.25333681 -0.12837552]
[ 0.01417024 -0.24025476 -0.06209263]
[ 0.01418338 -0.12554865 -0.25980034]
[ 0.01510878 -0.24382593 -0.07112789]
[ 0.01563808  0.01284855 -0.24526339]
[ 0.01633549 -0.25071821 -0.08687716]
[ 0.01637327 -0.25309666 -0.12567517]
[ 0.01646014 -0.25271826 -0.09203941]
[ 0.01699367 -0.0770632   0.10006357]
[ 0.0172007  -0.22851018 -0.20966549]
[ 0.01755858 -0.25259672 -0.09590451]
[ 0.01842965  0.01064792 -0.24422001]
[ 0.01870012 -0.12259372 -0.25963557]
[ 0.01951568 -0.25216598 -0.12067748]
[ 0.01995674 -0.25210555 -0.1055821 ]
[ 0.02101058  0.01132163 -0.2244428 ]
[ 0.02107652 -0.25111617 -0.11427137]
[ 0.02114104 -0.25084523 -0.11594597]
[ 0.02140664 -0.12022607 -0.26044246]
[ 0.02281017 -0.11968665 -0.25981664]
[ 0.02543384 -0.08621717  0.09777349]
[ 0.02612778 -0.22986403 -0.20924248]
[ 0.02946338 -0.23037308 -0.20905109]
[ 0.03100909 -0.09228054  0.09622156]
[ 0.03501149 -0.0967927   0.09473134]
[ 0.0357763  -0.23009304 -0.20886015]
[ 0.03712494 -0.11521082 -0.25187761]
[ 0.0377158  -0.11570997 -0.25173844]
[ 0.03881332  0.01062508 -0.24007472]
[ 0.04062788  0.01061446 -0.23994987]
[ 0.04205647 -0.22936952 -0.20873151]
[ 0.04279349  0.00670918 -0.23841863]
[ 0.04355422 -0.22889149 -0.20874291]
[ 0.04593551  0.00160887 -0.2366764 ]
[ 0.04629579 -0.00018191 -0.11494954]
[ 4.71270603e-02  2.07291379e-04 -2.36467026e-01]
[ 0.05006956 -0.22690042 -0.20696346]
[ 0.05258651 -0.21050328 -0.21094777]
[ 0.05267793 -0.22534285 -0.20647839]
[ 0.05476684 -0.22343065 -0.20628866]
[ 0.05584557 -0.12353214 -0.25195613]
[ 0.05632252 -0.12411188 -0.25173789]
[ 0.05852615 -0.22024635 -0.20842879]
[ 0.05881007 -0.02214825 -0.22711542]
[ 0.05887295 -0.21987975 -0.20865531]
[ 0.05926013 -0.2193964  -0.20893778]
[ 0.06071865 -0.10218448  0.08840417]
[ 0.06143527 -0.10227177  0.08810025]
[ 0.06290559 -0.21484167 -0.21159891]
[ 0.06371212 -0.10260809  0.08725402]
[ 0.06493663 -0.14705865 -0.24032399]
[ 0.06543557 -0.13669808 -0.24910261]
[ 0.06654429 -0.02672109 -0.22224302]
[ 0.06755193 -0.13982857 -0.24832301]
[ 0.0692497  -0.02733286 -0.22066602]
[ 0.07018696 -0.141802   -0.24563105]
[ 0.07064333 -0.20449892 -0.21380807]
[ 0.0710278  -0.10375544  0.08467011]
[ 0.071984   -0.14426474 -0.24249814]
[ 0.07226065 -0.20162636 -0.21435978]
[ 0.07395195 -0.14790186 -0.23996968]
[ 0.07402954 -0.10202695 -0.00656094]
[ 0.07730723 -0.15258346 -0.23673739]
[ 0.07783359 -0.19218397 -0.21858651]
[ 0.07827396 -0.19141641 -0.21893058]
[ 0.0785742  -0.19027463 -0.21945622]
[ 0.08023527 -0.15760491 -0.23430295]
[ 0.08041829 -0.02999403 -0.21527202]
[ 0.08087241 -0.02771518 -0.19540878]
[ 0.08157255 -0.16583987 -0.23065445]
[ 0.08177701 -0.16148495 -0.23249341]
[ 0.08206897 -0.17073989 -0.2285132 ]
[ 0.08278291 -0.17722738 -0.22543245]
[ 0.08436712 -0.10426004  0.08005216]
[ 0.0853779  -0.03363206 -0.21233676]
[ 0.08612184 -0.10411118  0.07885808]
[ 0.09081504 -0.09751104  0.05876144]
[ 0.09105707 -0.03752165 -0.20690311]
[ 0.09237463 -0.10334344  0.07466797]
[ 0.09241946 -0.03801137 -0.20571428]
[ 0.09405395 -0.10311949  0.07349266]
[ 0.0974984  -0.10193323  0.06903637]
[ 0.09796901 -0.11511372  0.01623502]
[ 0.09845909 -0.11402452  0.02159207]
[ 0.09848059 -0.11399276  0.02176931]
[ 0.09852559 -0.11381632  0.02253661]
[ 0.09983716 -0.10769292  0.04959842]
[ 0.09991023 -0.10884523  0.04449599]
[ 0.09991877 -0.11324517  0.00694721]
[ 0.09993569 -0.10827981  0.04660788]
[ 0.10040031 -0.10092876  0.06526778]
[ 0.1004598  -0.10718071  0.05634811]
[ 0.10061141 -0.10694157  0.05687267]
[ 0.10170099 -0.04100984 -0.19649466]
[ 0.10185201 -0.10430452  0.06214306]
[ 0.1021442  -0.11098669 -0.00413132]
[ 0.10250245 -0.11082896 -0.00812524]
[ 0.1027606  -0.11072222 -0.01090082]
[ 0.10302543 -0.11065251 -0.01315913]
[ 0.10407499 -0.11043905 -0.02117944]
[ 0.10662219 -0.06280438 -0.05900241]
[ 0.11198653 -0.03655493 -0.18901599]
[ 0.11638472 -0.09553824 -0.04105163]
[ 0.11642245 -0.09549648 -0.04113591]
[ 0.11652133 -0.03600004 -0.18522258]
[ 0.12086424 -0.0907742  -0.05088083]
[ 0.12355855 -0.0349663  -0.1790678 ]
[ 0.12484345 -0.08552659 -0.0605397 ]
[ 0.13654819 -0.06749495 -0.07277923]
[ 0.13670212 -0.06724318 -0.07294523]
[ 0.13832858 -0.01828735 -0.14362402]
[ 0.13842915 -0.03044336 -0.16243138]
[ 0.13883917 -0.03023821 -0.16184779]
[ 0.13889082 -0.06466618 -0.08600256]
[ 0.14050671 -0.06141747 -0.10123272]
[ 0.14296809 -0.0564893  -0.10933851]
[ 0.14433583 -0.05147129 -0.11622176]
[ 0.14540367 -0.02306966 -0.15468032]
[ 0.14784641 -0.0418035  -0.13053685]
[ 0.14811859 -0.03906681 -0.1337206 ]
[ 0.14893421 -0.02413204 -0.14807046]
[ 0.15094827 -0.026296   -0.14292415]
[ 0.15120091 -0.02486879 -0.14432756]
[ 0.15125648 -0.02537445 -0.14362493]
[ 0.15134642 -0.02490219 -0.1439601 ]