[0.03685733 0.13292018 0.14164562]
[0.04771724 0.12088162 0.14126234]
[0.04820268 0.13615045 0.11510387]
[0.05304511 0.1402566  0.14711706]
[0.05544357 0.10727485 0.13978454]
[0.05620846 0.14171103 0.1485162 ]
[0.05833213 0.10232021 0.13901801]
[0.07355379 0.08707676 0.13805913]
[0.07706516 0.08367311 0.13772107]
[0.07955877 0.08129726 0.13743822]
[0.09277996 0.14428081 0.15998144]
[0.09291833 0.06696771 0.13541215]
[0.09628996 0.06371792 0.13458061]
[0.10106832 0.14347689 0.16212145]
[0.1061211  0.07923803 0.11032661]
[0.10853334 0.14278818 0.1637352 ]
[0.10893146 0.14277072 0.16382789]
[0.10934722 0.06159588 0.13520821]
[0.11907286 0.06004922 0.13562667]
[0.12045568 0.14339543 0.1511597 ]
[0.12298197 0.0595795  0.13557539]
[0.12303899 0.05954302 0.13556172]
[0.12510492 0.14203171 0.16799363]
[0.13276905 0.05332281 0.13321375]
[0.14395351 0.14477454 0.17415655]
[0.14399744 0.04611013 0.1306185 ]
[0.1461647  0.04478906 0.12988288]
[0.14713363 0.14526572 0.17498304]
[0.14980879 0.04268289 0.12826587]
[0.15129019 0.32850597 0.15860059]
[0.15724146 0.14687435 0.17725413]
[0.15742716 0.14701995 0.17734567]
[0.16196392 0.03549329 0.12277356]
[0.16272493 0.03505629 0.12238907]
[0.16338436 0.03470608 0.12196777]
[0.16440415 0.25623492 0.23321404]
[0.16488436 0.23934343 0.22347489]
[0.16493859 0.23907591 0.22334126]
[0.16588548 0.03339805 0.12030716]
[0.1671909  0.17100011 0.03498137]
[0.16724145 0.15544076 0.18336345]
[0.16729697 0.26669365 0.24065446]
[0.16743655 0.22258109 0.21664854]
[0.1676827  0.26807572 0.2416018 ]
[0.1691908  0.26689006 0.24160735]
[0.16966202 0.20958313 0.21090476]
[0.17075138 0.27002505 0.21670614]
[0.17107065 0.16234397 0.18757706]
[0.17107137 0.03555994 0.10177436]
[0.17173097 0.17802717 0.19577769]
[0.17173711 0.17810865 0.1958138 ]
[0.1717416  0.17818366 0.19584983]
[0.17227208 0.19029548 0.20213385]
[0.17545922 0.15126493 0.17015409]
[0.17546296 0.12486777 0.12217636]
[0.17844245 0.03361325 0.11659239]
[0.17960949 0.03265913 0.11558322]
[0.18054797 0.25800587 0.24139381]
[0.18149146 0.25727582 0.24133039]
[0.18205052 0.03043147 0.11226728]
[0.18231114 0.20486689 0.18717507]
[0.18260233 0.07160815 0.06824767]
[0.1836307  0.02860719 0.10813527]
[0.18395759 0.02805555 0.10637529]
[0.18648844 0.02958703 0.10285378]
[0.18836155 0.0312216  0.09950964]
[0.18954494 0.03265593 0.0968055 ]
[0.19043479 0.03382766 0.09551214]
[0.19367532 0.24234576 0.23732787]
[0.19620645 0.24068645 0.23733083]
[0.1966932  0.04158769 0.0868022 ]
[0.19908511 0.04512731 0.08301223]
[0.20320231 0.2655664  0.09613854]
[0.20838004 0.23379764 0.23556778]
[0.20888404 0.0604787  0.08229897]
[0.20932783 0.06111306 0.08120593]
[0.21162018 0.06456909 0.07526977]
[0.21283037 0.06656846 0.07185306]
[0.21411437 0.23063579 0.23460201]
[0.21503587 0.22931359 0.23390859]
[0.21564032 0.07128413 0.07394722]
[0.21788531 0.07487099 0.07555902]
[0.21895212 0.22448099 0.23034751]
[0.21964842 0.18585486 0.12277687]
[0.22604664 0.21527614 0.22424796]
[0.22705766 0.08966249 0.06955216]
[0.23116604 0.21438737 0.22377353]
[0.23185695 0.09790098 0.06612613]
[0.23250654 0.2481472  0.18648856]
[0.2380621  0.13078062 0.04909057]
[0.23822699 0.21403727 0.22216181]
[0.2384953  0.10899462 0.06155841]
[0.24363755 0.11765265 0.05664745]
[0.24754471 0.12456745 0.05272362]
[0.24954472 0.21347316 0.21958167]
[0.25294006 0.13347561 0.0570577 ]
[0.25536982 0.21404638 0.21730965]
[0.26185758 0.21474593 0.21471236]
[0.26242716 0.21391527 0.21370099]
[0.26272644 0.14971058 0.06374884]
[0.26552137 0.20609793 0.17996995]
[0.26611074 0.20838578 0.20581455]
[0.26831437 0.20514249 0.20164887]
[0.2692936  0.20506095 0.20094749]
[0.27115235 0.1634061  0.06948146]
[0.27195982 0.20488447 0.19754606]
[0.27360942 0.20335621 0.07475951]
[0.2738062  0.22659544 0.12483416]
[0.27473343 0.16966845 0.07196217]
[0.27603428 0.20468536 0.19003603]
[0.27764307 0.20459595 0.18742432]
[0.27872506 0.20332828 0.18435181]
[0.27933542 0.17767818 0.07556414]
[0.27940603 0.20159869 0.17934571]
[0.27949207 0.20071903 0.17653321]
[0.28048274 0.20126547 0.17192665]
[0.28164439 0.18181996 0.07738405]
[0.28228585 0.20193998 0.1650472 ]
[0.28531979 0.18836735 0.08092118]
[0.28544602 0.20438534 0.15539553]
[0.28694343 0.20660329 0.14857894]
[0.28706624 0.19247356 0.08274372]
[0.28732235 0.19274584 0.08583385]
[0.28732541 0.19405747 0.09388986]
[0.2884388  0.19997551 0.10966067]
[0.28875723 0.20187522 0.11461251]
[0.28880395 0.2023323  0.11571906]
[0.28923599 0.21021025 0.13769528]
[0.29022718 0.21174404 0.13290802]
[0.29193526 0.2148675  0.12361581]