[0.07301275 0.36898592 0.22832728]
[0.07377642 0.37341872 0.22624259]
[0.07444029 0.37642571 0.2247735 ]
[0.07516353 0.35976771 0.23125372]
[0.07549465 0.35899057 0.23170184]
[0.0756557  0.35858559 0.23194436]
[0.07593925 0.37875027 0.2232664 ]
[0.07613555 0.31828987 0.22255287]
[0.07639926 0.37939968 0.22312606]
[0.07664856 0.31579087 0.22229325]
[0.07731525 0.3276105  0.22558733]
[0.0780994  0.35508084 0.23322228]
[0.07845384 0.33970531 0.23042878]
[0.07919091 0.34528087 0.23217169]
[0.07994979 0.35237397 0.23423821]
[0.08003279 0.38530321 0.22179637]
[0.08155855 0.38767716 0.22126803]
[0.08206318 0.29689831 0.21765054]
[0.08212698 0.3541762  0.23089666]
[0.08368815 0.39013939 0.22077382]
[0.08509677 0.29115877 0.21701509]
[0.08699445 0.32526352 0.20183607]
[0.08786765 0.28550291 0.21659675]
[0.0879466  0.39509412 0.21939362]
[0.09036767 0.39777815 0.21865307]
[0.09269621 0.27760871 0.21509848]
[0.09462733 0.4017466  0.21760051]
[0.09923385 0.40596558 0.21648636]
[0.10470338 0.2591919  0.21089683]
[0.11165367 0.41727009 0.20666744]
[0.11170919 0.24850968 0.20847418]
[0.11182231 0.23489481 0.20234788]
[0.1131959  0.24623174 0.2079645 ]
[0.11663073 0.42224242 0.20250884]
[0.11770539 0.22310909 0.13120852]
[0.11810897 0.3634204  0.23179265]
[0.12183464 0.23650821 0.20659384]
[0.12345064 0.42905699 0.19724163]
[0.12685495 0.24378386 0.19586408]
[0.12740434 0.43270987 0.19432003]
[0.1315658  0.24212228 0.21255295]
[0.13364265 0.43849985 0.18890019]
[0.13475847 0.24390331 0.21448049]
[0.13980497 0.44481467 0.18322384]
[0.14174952 0.44720737 0.18121593]
[0.14587806 0.45286369 0.17207956]
[0.14602912 0.25012634 0.2214925 ]
[0.14864632 0.45694844 0.16569099]
[0.15129019 0.32850597 0.15860059]
[0.15164403 0.46360651 0.1567648 ]
[0.1522643  0.46497609 0.15494494]
[0.15235105 0.25337647 0.22620191]
[0.15448739 0.46884132 0.14934481]
[0.15637849 0.42196057 0.18953843]
[0.15697159 0.47244183 0.14372223]
[0.15914545 0.47595959 0.1384776 ]
[0.15966904 0.47669929 0.13757612]
[0.16147798 0.4782474  0.13508397]
[0.16432124 0.47994145 0.13162353]
[0.16440415 0.25623492 0.23321404]
[0.17030792 0.48089149 0.12595391]
[0.17075138 0.27002505 0.21670614]
[0.17103633 0.48106409 0.12522885]
[0.1716238  0.4809386  0.12480761]
[0.17273795 0.48083213 0.12451265]
[0.17900141 0.24389582 0.23239738]
[0.1795137  0.47998017 0.12276888]
[0.1796483  0.47996234 0.12273035]
[0.18254966 0.47943284 0.12193638]
[0.18279834 0.46413362 0.12570152]
[0.18307581 0.24330323 0.23384936]
[0.18867925 0.47740866 0.12048655]
[0.19287515 0.47609341 0.11947642]
[0.19294919 0.47605426 0.11940807]
[0.19367532 0.24234576 0.23732787]
[0.19620645 0.24068645 0.23733083]
[0.20046835 0.47094927 0.1122671 ]
[0.20284316 0.46934327 0.11001287]
[0.20320231 0.2655664  0.09613854]
[0.20385782 0.37571732 0.0871301 ]
[0.20483428 0.46759741 0.10805179]
[0.2072867  0.46582791 0.10656656]
[0.20838004 0.23379764 0.23556778]
[0.21284439 0.46176855 0.10321169]
[0.21411437 0.23063579 0.23460201]
[0.2159017  0.45906265 0.10147126]
[0.21792619 0.23381253 0.23744981]
[ 0.22494473  0.35059254 -0.01322919]
[0.22629646 0.44980716 0.09556619]
[0.22797797 0.24221551 0.24422489]
[0.22841404 0.24228967 0.24429669]
[0.23250654 0.2481472  0.18648856]
[ 0.23432533  0.37200165 -0.02263113]
[ 0.2353841   0.3686165  -0.02704423]
[0.23682997 0.2437389  0.24547833]
[0.23696642 0.43993158 0.08958818]
[ 0.23766601  0.36138305 -0.03651949]
[0.23776666 0.28516327 0.0176272 ]
[0.23907899 0.43779078 0.08844582]
[ 0.24062887  0.35229237 -0.0486482 ]
[0.24200677 0.43119718 0.08766882]
[0.24242707 0.43368771 0.08545635]
[ 0.24255715  0.32140375 -0.06135217]
[ 0.24462821  0.34283888 -0.06033434]
[0.24472359 0.43134736 0.08419273]
[0.24489918 0.43035768 0.08275025]
[0.2453599  0.24519469 0.24682413]
[0.2464969  0.39928377 0.04273274]
[0.24666355 0.24544404 0.24672543]
[ 0.24697891  0.33728148 -0.06720338]
[0.24792911 0.41587581 0.06102233]
[0.24934085 0.40805096 0.04958586]
[0.24939621 0.40028624 0.03721412]
[0.24940824 0.40299002 0.04155395]
[0.24958661 0.40653054 0.04740212]
[ 0.25052931  0.33565819 -0.06632146]
[0.251388   0.39315961 0.02783198]
[0.2518384  0.39150956 0.02568286]
[0.25187918 0.38032216 0.00821191]
[0.25189222 0.37987307 0.00750004]
[0.25447407 0.2463214  0.24559558]
[ 0.25786097  0.3323048  -0.06449978]
[0.25860667 0.24678939 0.24497989]
[ 0.26004367  0.33114185 -0.06389354]
[0.26140899 0.24720262 0.24410886]
[0.26498978 0.24774124 0.24294572]
[0.26582219 0.29921009 0.13189937]
[0.2659748  0.25043216 0.23059795]
[0.26724773 0.24822576 0.24234623]
[0.27273477 0.2496774  0.23955278]
[0.27558094 0.25041561 0.23817576]
[0.2774496  0.25108985 0.23634767]
[0.27851112 0.25101383 0.23484438]
[ 0.28163921  0.3255692  -0.04820049]
[0.28311102 0.25068557 0.22834687]
[ 0.28464441  0.32486804 -0.04609619]
[0.28472239 0.25042997 0.22397982]
[0.28502499 0.25037919 0.22311834]
[ 0.28701476  0.32406667 -0.04417071]
[0.28877017 0.25328947 0.21743151]
[0.28944445 0.2536983  0.21657387]
[0.28970489 0.25412345 0.21585681]
[ 0.29016397  0.32338974 -0.04102992]
[0.2951811  0.27712412 0.1804805 ]
[0.29566464 0.26373125 0.19962292]
[ 0.29698921  0.30671419 -0.02110884]
[0.29707899 0.2857114  0.0816872 ]
[0.29745929 0.26887365 0.19148742]
[0.29803802 0.27069482 0.18862879]
[0.29941491 0.2759997  0.18406858]
[0.30038502 0.27738263 0.17542765]
[ 0.30065419  0.32105271 -0.03049688]
[0.30188473 0.28044288 0.16419571]
[0.30321613 0.28454867 0.14967658]
[0.3040428  0.28421138 0.1284987 ]
[ 0.30426176  0.32115673 -0.02555735]
[0.30466132 0.28396277 0.11879564]
[0.30566967 0.28305223 0.10183044]
[0.30650101 0.28248717 0.09383985]
[0.30729303 0.28219612 0.08659844]
[0.30801452 0.28193098 0.08000176]
[0.30831121 0.28182203 0.07731864]
[ 0.30845819  0.32070101 -0.01922779]
[ 0.30984588  0.32050758 -0.01709146]
[0.31117692 0.29328152 0.06989693]
[0.311686   0.29415579 0.06686169]
[ 0.31291958  0.32112998 -0.0108557 ]
[0.31460963 0.30461522 0.02581319]
[ 0.31509382  0.3216906  -0.00668204]
[ 0.31691247  0.32208189 -0.00303786]
[0.31869625 0.30249385 0.04113693]
[0.31890657 0.32194171 0.00208031]
[0.31984902 0.32180132 0.00464545]
[0.32072159 0.30517368 0.03252853]
[0.32080958 0.30520489 0.03202847]
[0.32171669 0.30555833 0.02605798]
[0.32189122 0.31903255 0.00733607]
[0.32212424 0.30636048 0.02437618]
[0.3225018  0.31658429 0.01001321]
[0.32284589 0.30894785 0.01875262]
[0.32334161 0.31303739 0.01390288]
[0.32336624 0.31107803 0.01616111]