[ 0.01449525  0.01742836 -0.00406646]
[0.01821668 0.09973066 0.12991626]
[0.01973818 0.10430991 0.13090316]
[0.01981259 0.10458972 0.13098697]
[0.02154186 0.08977356 0.12924002]
[0.03013057 0.06598419 0.12528124]
[0.03043318 0.06512101 0.12517042]
[0.03254651 0.05465149 0.12361477]
[0.03385333 0.12792461 0.13976163]
[0.03635954 0.15047348 0.14572692]
[0.03645792 0.15122422 0.14592896]
[0.03667402 0.15371954 0.1468168 ]
[0.03685066 0.15617639 0.14776146]
[0.03685733 0.13292018 0.14164562]
[0.03715819 0.03425367 0.11862591]
[0.03735528 0.16291966 0.1503156 ]
[0.03780069 0.03113789 0.11810921]
[0.03867228 0.17701622 0.15514357]
[0.03969695 0.07118103 0.08452789]
[0.04079886 0.02268967 0.11173243]
[0.04116832 0.02527981 0.11723808]
[0.04134729 0.0242509  0.11706591]
[0.04242324 0.01790758 0.11583501]
[0.04248119 0.01753832 0.11573437]
[0.04504595 0.01062943 0.11382927]
[ 0.04629579 -0.00018191 -0.11494954]
[0.0466046  0.19117381 0.14709666]
[0.04820268 0.13615045 0.11510387]
[0.04951611 0.18488311 0.16174015]
[ 0.05080707 -0.00201049  0.11032784]
[0.05176588 0.18657993 0.16300966]
[ 0.05851648 -0.01883164  0.10548308]
[0.06137989 0.1962243  0.16928833]
[ 0.06153371 -0.02489402  0.10269834]
[ 0.06234435 -0.02664616  0.10216057]
[0.06328874 0.1970028  0.17012964]
[ 0.07141704 -0.0242908   0.05866906]
[ 0.07402954 -0.10202695 -0.00656094]
[ 0.07664057 -0.06641005  0.08836227]
[ 0.07667084 -0.05929991  0.09088361]
[ 0.07670701 -0.04379099  0.09613666]
[ 0.07672124 -0.0455618   0.09568854]
[ 0.0779155  -0.06998024  0.08672325]
[ 0.0791074  -0.07365524  0.0856377 ]
[ 0.08562383 -0.083914    0.08129213]
[0.0883869  0.20715579 0.18252469]
[ 0.09065497 -0.09162829  0.07866192]
[ 0.09081504 -0.09751104  0.05876144]
[ 0.09100959 -0.09190646  0.07849878]
[0.09375771 0.21269882 0.18659249]
[ 0.09476465 -0.0954006   0.07488209]
[ 0.09551399 -0.09627105  0.07356399]
[0.09628996 0.06371792 0.13458061]
[0.09663898 0.18297011 0.17510356]
[0.09700893 0.058953   0.13290586]
[0.09739483 0.18407794 0.17576766]
[ 0.09796901 -0.11511372  0.01623502]
[ 0.09845909 -0.11402452  0.02159207]
[ 0.09848059 -0.11399276  0.02176931]
[ 0.09852559 -0.11381632  0.02253661]
[0.09893444 0.07717165 0.13981332]
[ 0.09894453  0.08956833 -0.01703496]
[ 0.09958599 -0.10014897  0.0666646 ]
[ 0.09983716 -0.10769292  0.04959842]
[ 0.09991023 -0.10884523  0.04449599]
[ 0.09991877 -0.11324517  0.00694721]
[ 0.09993569 -0.10827981  0.04660788]
[0.10013451 0.03914045 0.12561   ]
[ 0.10040031 -0.10092876  0.06526778]
[ 0.1004598  -0.10718071  0.05634811]
[ 0.10061141 -0.10694157  0.05687267]
[0.10114317 0.03749639 0.12508266]
[0.10144619 0.08951218 0.14422847]
[0.10161922 0.09010841 0.14445163]
[ 0.10185201 -0.10430452  0.06214306]
[ 0.1021442  -0.11098669 -0.00413132]
[ 0.10250245 -0.11082896 -0.00812524]
[0.10253285 0.22176052 0.19326537]
[ 0.1027606  -0.11072222 -0.01090082]
[ 0.10302543 -0.11065251 -0.01315913]
[0.10370672 0.09720158 0.14699278]
[ 0.10407499 -0.11043905 -0.02117944]
[0.10564941 0.03015337 0.12205619]
[0.1061211  0.07923803 0.11032661]
[0.10646765 0.15635839 0.1683301 ]
[0.10651941 0.22590849 0.19645732]
[ 0.10662219 -0.06280438 -0.05900241]
[0.10671912 0.15459965 0.16775188]
[0.10734012 0.02739814 0.120979  ]
[0.10748459 0.15037435 0.16619109]
[0.10779387 0.22803518 0.19782687]
[0.10845144 0.14343069 0.16393584]
[0.10853334 0.14278818 0.1637352 ]
[0.10958929 0.11807993 0.15550048]
[0.10997775 0.02314982 0.1018551 ]
[0.11057991 0.12161455 0.15696151]
[0.11182231 0.23489481 0.20234788]
[0.11194861 0.01578573 0.1163463 ]
[0.11325699 0.2071856  0.19065369]
[0.11361775 0.20813218 0.19116899]
[0.11471036 0.0090192  0.11224765]
[0.11516918 0.13058795 0.16118489]
[ 0.11638472 -0.09553824 -0.04105163]
[ 0.11642245 -0.09549648 -0.04113591]
[0.11770539 0.22310909 0.13120852]
[0.12006874 0.22503366 0.20077716]
[0.12029798 0.22563358 0.20112934]
[0.12045568 0.14339543 0.1511597 ]
[ 0.12086424 -0.0907742  -0.05088083]
[0.12183464 0.23650821 0.20659384]
[ 0.12380992 -0.00568504  0.10304965]
[ 0.12484345 -0.08552659 -0.0605397 ]
[ 0.12669727 -0.01050931  0.10050214]
[0.12685495 0.24378386 0.19586408]
[ 0.12810379 -0.01262716  0.09871758]
[ 0.12910214 -0.07604056 -0.04676933]
[ 0.12958141 -0.0132768   0.09785702]
[ 0.13111768 -0.07227858 -0.04094687]
[ 0.13401399 -0.01523967  0.0951876 ]
[ 0.13824806 -0.01717638  0.09225208]
[ 0.13916862 -0.05839639 -0.03049662]
[ 0.14052647 -0.01301373 -0.01729783]
[ 0.14092539 -0.02301573  0.06157489]
[0.14181069 0.02351861 0.03612844]
[ 0.1440352  -0.04947766 -0.02403961]
[ 0.14431696 -0.02028655  0.08595731]
[ 0.14498037 -0.02061714  0.08532786]
[ 0.14509948 -0.02070472  0.08518986]
[ 0.14547722 -0.02105738  0.08435592]
[ 0.14955128 -0.02540076  0.07250761]
[ 0.1496766  -0.0255833   0.07206862]
[ 0.14972828 -0.02586887  0.07103757]
[ 0.1505887  -0.02963424  0.05786941]
[ 0.15058906 -0.02963242  0.05787764]
[ 0.15391105 -0.03265911 -0.02340122]
[ 0.15448319 -0.03049202 -0.00475904]
[ 0.15478831 -0.03029455 -0.01486919]
[ 0.15495962 -0.03032568 -0.01800135]
[ 0.1552475  -0.03037527 -0.02331354]
[ 0.15542884 -0.02465464  0.04704696]
[ 0.15605623 -0.02406438  0.04570381]
[ 0.15786174 -0.02216531  0.04274488]
[ 0.1607261  -0.01997444  0.00571971]
[ 0.16151939 -0.01690638  0.03600774]
[ 0.16338838 -0.01529771  0.01661516]
[ 0.16357063 -0.01490512  0.01746282]
[ 0.16396575 -0.01418405  0.01911776]
[ 0.16598402 -0.01038686  0.02773142]
[0.1671909  0.17100011 0.03498137]