[-0.10512202  0.10233432 -0.14492936]
[-0.10506386  0.102967   -0.14242645]
[-0.10399441  0.09268545 -0.17271895]
[-0.10368195  0.10757503 -0.13724989]
[-0.10365327  0.09945489 -0.15689809]
[-0.10358696  0.10788062 -0.13695216]
[-0.10353962  0.09861936 -0.15875318]
[-0.10351957  0.08756255 -0.1842322 ]
[-0.1028965   0.11095766 -0.1145358 ]
[-0.10225676  0.08463136 -0.1901985 ]
[-0.10208918  0.11339657 -0.1087182 ]
[-0.10124406  0.11436645 -0.13048697]
[-0.10026658  0.11746607 -0.09928181]
[-0.09982892  0.08173507 -0.19893267]
[-0.09974257  0.11287867 -0.04014332]
[-0.09870965  0.11499405 -0.03911105]
[-0.09844378  0.11552436 -0.03884861]
[-0.09840661  0.07949091 -0.20623685]
[-0.09827694  0.11629408 -0.04576545]
[-0.09783418  0.12152218 -0.09022699]
[-0.0974107   0.11220718 -0.03906551]
[-0.09721796  0.11903986 -0.05028405]
[-0.09690894  0.07799096 -0.21047913]
[-0.09643901  0.0777054  -0.21163823]
[-0.09424295  0.12411571 -0.03737187]
[-0.09265814  0.13046652 -0.07015286]
[-0.0925986   0.13049535 -0.06913794]
[-0.09240243  0.1309747  -0.06986305]
[-0.09201484  0.13080393 -0.06965064]
[-0.09100784  0.10667659 -0.13232177]
[-0.08766748  0.07344614 -0.22579741]
[-0.08758952  0.07337055 -0.22595207]
[-0.08727242  0.07307794 -0.22653015]
[-0.07981764  0.14997547 -0.03268997]
[-0.07602972  0.15682829 -0.03512914]
[-0.07524146  0.06461983 -0.23938325]
[-0.07338872  0.06347425 -0.24082357]
[-0.07239565  0.16326851 -0.02956779]
[-0.07134197  0.06232142 -0.24202763]
[-0.06839555  0.06455051 -0.24213048]
[-0.06779225  0.15508147 -0.03054444]
[-0.06751675  0.17202268 -0.02845106]
[-0.06447878  0.17777592 -0.02771839]
[-0.06436333  0.17799348 -0.02771635]
[-0.06132856  0.18247984 -0.02787007]
[-0.05750428  0.07312741 -0.24563673]
[-0.05513631  0.07096206 -0.24694604]
[-0.05513388  0.06950699 -0.19552953]
[-0.04969172  0.2003337  -0.02835   ]
[-0.04401431  0.06080657 -0.25362154]
[-0.0428173   0.0597166  -0.25444709]
[-0.04167239  0.05865211 -0.25445904]
[-0.04146702  0.21368385 -0.02856617]
[-0.03920843  0.05634059 -0.25375506]
[-0.03859521  0.21768096 -0.02583809]
[-0.03792739  0.21859017 -0.02521945]
[-0.03733838  0.09112622 -0.07195456]
[-0.03561001  0.22143144 -0.02331625]
[-0.03116615  0.0488366  -0.25289874]
[-0.02953675  0.22935283 -0.01795962]
[-0.02642616  0.23221107 -0.00233261]
[-0.02506742  0.23367998  0.0052329 ]
[-0.02478878  0.23443     0.00828999]
[-0.02316611  0.23678587  0.00971675]
[-0.01717548  0.24563115  0.01498066]
[-0.01325596  0.23092132  0.01890442]
[-0.01233864  0.25346023  0.02475895]
[-0.01196541  0.25416836  0.02553325]
[-0.00709939  0.26244013  0.03112708]
[-0.00491821  0.02937121 -0.25073842]
[-0.00311088  0.26729929  0.03524269]
[0.00045945 0.27154524 0.03890145]
[ 0.00154211  0.02401762 -0.25013567]
[ 0.00659714  0.20032706 -0.04520141]
[0.00681238 0.28071985 0.06004036]
[0.01186869 0.28666671 0.06462333]
[ 0.01563808  0.01284855 -0.24526339]
[0.01837652 0.2939439  0.07038618]
[ 0.01842965  0.01064792 -0.24422001]
[ 0.02101058  0.01132163 -0.2244428 ]
[0.02267432 0.30067721 0.07488636]
[ 0.02340881 -0.0025216  -0.24035795]
[ 0.02381085 -0.00368413 -0.24028107]
[0.02826481 0.31639758 0.17070526]
[0.02845179 0.31402842 0.17335739]
[0.02886066 0.3108174  0.17683758]
[0.0290716  0.31859134 0.16752856]
[0.02932958 0.31012031 0.17834912]
[0.03064945 0.31286964 0.07663596]
[0.03110614 0.3230123  0.16082609]
[0.03200691 0.32408082 0.15890522]
[0.03279922 0.30671721 0.18370735]
[0.03340819 0.32511493 0.14952678]
[0.03392546 0.31871182 0.07716815]
[0.03397195 0.3254456  0.14608838]
[0.03442668 0.30509862 0.18629485]
[0.03602775 0.30388006 0.18759933]
[0.03645432 0.22221154 0.05326949]
[0.03690286 0.32270591 0.08403831]
[0.0369108  0.32539809 0.13510911]
[0.03746065 0.32361948 0.08548957]
[0.03787336 0.32412372 0.08639281]
[0.04041522 0.32568824 0.12302199]
[0.04087414 0.32589682 0.12084263]
[0.04098938 0.32839655 0.09367499]
[0.04123158 0.29961101 0.19286345]
[0.04172808 0.32813696 0.11031105]
[0.04181367 0.29933063 0.1934575 ]
[ 0.04240709 -0.00780877 -0.2371738 ]
[ 0.04417408 -0.00936628 -0.23686802]
[ 0.04629579 -0.00018191 -0.11494954]
[0.04647016 0.29738314 0.19649135]
[0.05219367 0.29489325 0.20077957]
[0.05258065 0.29474872 0.20093097]
[0.05424197 0.29925035 0.17178519]
[0.05703745 0.29235335 0.20243216]
[ 0.05881007 -0.02214825 -0.22711542]
[ 0.06654429 -0.02672109 -0.22224302]
[0.06872225 0.30688166 0.09934771]
[ 0.0692497  -0.02733286 -0.22066602]
[0.06927406 0.28574139 0.20674771]
[0.0786489  0.27861371 0.20936199]
[ 0.08041829 -0.02999403 -0.21527202]
[ 0.08087241 -0.02771518 -0.19540878]
[ 0.0853779  -0.03363206 -0.21233676]
[ 0.09105707 -0.03752165 -0.20690311]
[ 0.09241946 -0.03801137 -0.20571428]
[0.09315441 0.26776312 0.21077471]
[ 0.09894453  0.08956833 -0.01703496]
[ 0.10170099 -0.04100984 -0.19649466]
[0.10470338 0.2591919  0.21089683]
[ 0.10662219 -0.06280438 -0.05900241]
[0.11170919 0.24850968 0.20847418]
[ 0.11198653 -0.03655493 -0.18901599]
[0.1131959  0.24623174 0.2079645 ]
[ 0.11652133 -0.03600004 -0.18522258]
[0.11770539 0.22310909 0.13120852]
[0.12183464 0.23650821 0.20659384]
[ 0.12355855 -0.0349663  -0.1790678 ]
[0.12685495 0.24378386 0.19586408]
[0.13086138 0.23020391 0.20690795]
[ 0.13111768 -0.07227858 -0.04094687]
[ 0.13285117 -0.07048293 -0.05204702]
[ 0.13666985 -0.06727881 -0.07272755]
[ 0.13670212 -0.06724318 -0.07294523]
[ 0.13832858 -0.01828735 -0.14362402]
[ 0.13842915 -0.03044336 -0.16243138]
[ 0.13883917 -0.03023821 -0.16184779]
[ 0.13889082 -0.06466618 -0.08600256]
[ 0.14050671 -0.06141747 -0.10123272]
[0.14149964 0.23023767 0.21065828]
[0.14211832 0.22978282 0.21066949]
[ 0.14232654 -0.05565949 -0.0566945 ]
[ 0.14296809 -0.0564893  -0.10933851]
[ 0.14319841 -0.05429626 -0.05713043]
[ 0.14433583 -0.05147129 -0.11622176]
[ 0.14540367 -0.02306966 -0.15468032]
[ 0.14697132 -0.04810235 -0.05913891]
[ 0.14784641 -0.0418035  -0.13053685]
[ 0.14811859 -0.03906681 -0.1337206 ]
[ 0.14893421 -0.02413204 -0.14807046]
[ 0.15094827 -0.026296   -0.14292415]
[ 0.15120091 -0.02486879 -0.14432756]
[ 0.15125648 -0.02537445 -0.14362493]
[ 0.15134642 -0.02490219 -0.1439601 ]
[ 0.15279663 -0.03850294 -0.06225492]
[0.15558204 0.21986045 0.21103799]
[ 0.15733116 -0.00059873 -0.07728292]
[ 0.16074605 -0.02426812 -0.06697722]
[0.1671909  0.17100011 0.03498137]
[ 0.16873203 -0.00997508 -0.07706692]
[ 0.16890401 -0.00965676 -0.07728936]
[0.16966202 0.20958313 0.21090476]
[ 1.74125077e-01 -8.07878480e-05 -7.60663206e-02]
[0.17899366 0.20295397 0.21090815]
[0.18231114 0.20486689 0.18717507]
[0.1824912  0.20061438 0.2101031 ]
[ 0.18558483  0.02084864 -0.06528397]
[ 0.18628186  0.0482422  -0.05199419]
[ 0.18965788  0.02718397 -0.0619854 ]
[0.19358999 0.19061928 0.20609795]
[ 0.19593486  0.03683306 -0.05516618]
[0.19811639 0.18650138 0.20469851]
[ 0.19967677  0.04261963 -0.0516242 ]
[0.20022356 0.06631189 0.00620011]
[ 0.20119516  0.04551358 -0.04224927]
[ 0.20179867  0.04625297 -0.04945116]
[0.20411135 0.18128284 0.20152183]
[ 0.20471072  0.0521344  -0.02266106]
[0.20681171 0.17926677 0.19821029]
[0.20681275 0.17920482 0.20025688]
[0.20707818 0.1773934  0.19915427]
[ 0.20745285  0.05702566 -0.00803204]
[0.20939297 0.17659776 0.1986699 ]
[ 0.20949857  0.06056979 -0.00284127]
[ 0.21008985  0.06157444 -0.00137042]
[0.21081062 0.1754857  0.19799295]
[0.21180594 0.06455792 0.01052889]
[0.21219798 0.17439287 0.19734233]
[0.21450394 0.06914109 0.01713199]
[0.21609031 0.07190281 0.02108946]
[0.21964842 0.18585486 0.12277687]
[0.22259569 0.08310235 0.02848012]
[0.22676328 0.16370121 0.18845895]
[0.22854772 0.16238803 0.18737932]
[0.23281154 0.10050176 0.04005901]
[0.23592302 0.10562606 0.04356037]
[0.23664816 0.15700537 0.18095863]
[0.2380621  0.13078062 0.04909057]
[0.2384148  0.15723513 0.18053972]
[0.23930083 0.11098407 0.04733183]
[0.23977914 0.15741355 0.18020237]
[0.24065505 0.15754936 0.17968777]
[0.2411416  0.15863215 0.1652796 ]
[0.24135365 0.11428544 0.04866491]
[0.24754471 0.12456745 0.05272362]
[0.24778562 0.12433601 0.06249929]
[0.24843592 0.1587731  0.17487338]
[0.25033353 0.12837861 0.06704658]
[0.25052955 0.15790344 0.17254475]
[0.25185739 0.13068699 0.06974649]
[0.25336527 0.15618631 0.16637966]
[0.25383911 0.133394   0.07616853]
[0.2554076  0.15490659 0.16169927]
[0.25578376 0.15442905 0.15948672]
[0.25773269 0.15372962 0.15179392]
[0.25918864 0.14157515 0.09461396]
[0.25923165 0.15315442 0.14403506]
[0.26086567 0.15246358 0.13242188]
[0.2622018  0.14915034 0.10877144]
[0.26274814 0.15158933 0.11516732]
[0.26275326 0.15076936 0.11165792]
[0.26303369 0.15169932 0.11357739]