[-0.18940377 -0.09010875  0.0582268 ]
[-0.18924892 -0.08887045  0.05431895]
[-0.18917891 -0.0886547   0.0535442 ]
[-0.18853102 -0.09025241  0.06917041]
[-0.18847547 -0.09041971  0.07059904]
[-0.1884006  -0.08689357  0.04676903]
[-0.18827034 -0.09101563  0.07562534]
[-0.18756131 -0.08500092  0.03843707]
[-0.18749113 -0.09180299  0.07791441]
[-0.18684618 -0.08311051  0.030431  ]
[-0.18621575 -0.08151521  0.02630354]
[-0.18538645 -0.09414414  0.08653856]
[-0.18417688 -0.09520097  0.08820956]
[-0.18066913 -0.09469312  0.05239061]
[-0.17937115 -0.06696406 -0.01215879]
[-0.1785598  -0.09475281  0.09338352]
[-0.17852959 -0.09475039  0.09341056]
[-0.17850554 -0.09474841  0.09342222]
[-0.17847971 -0.09474626  0.09343052]
[-0.1781941  -0.06439634 -0.018923  ]
[-0.17481524 -0.05677746 -0.03340243]
[-0.17005229 -0.09405021  0.09714008]
[-0.16877696 -0.04240742 -0.0442555 ]
[-0.16704595 -0.06445425 -0.02709108]
[-0.16636523 -0.03638316 -0.04292022]
[-0.16495183 -0.09588196  0.09983313]
[-0.16482595 -0.03274453 -0.04211644]
[-0.16405297 -0.03101232 -0.04434025]
[-0.16176211 -0.02584795 -0.05095901]
[-0.16097187 -0.02404864 -0.05271733]
[-0.1555491  -0.09951148  0.10257789]
[-0.15262538 -0.04113203 -0.04448959]
[-0.15117233 -0.00099558 -0.07507164]
[-0.1478388   0.00681453 -0.08029325]
[-0.14734776  0.0078906  -0.0810331 ]
[-0.14309618  0.01741559 -0.08189636]
[-0.1416767  -0.10507108  0.10482874]
[-0.14110172  0.00215588 -0.08279157]
[-0.1400437   0.02433739 -0.0802994 ]
[-0.13718365  0.03048226 -0.07883649]
[-0.13644018 -0.10718958  0.10550377]
[-0.13378259  0.03938167 -0.07694082]
[-0.13200086 -0.10902195  0.10575638]
[-0.13021515 -0.10974734  0.10596056]
[-0.12581787 -0.11049874  0.10637709]
[-0.1252041   0.05891585 -0.07244484]
[-0.12503376 -0.112106    0.10432269]
[-0.1244379  -0.11333548  0.10672456]
[-0.1203483  -0.11313342  0.10703687]
[-0.11974373  0.07128329 -0.0670666 ]
[-0.11640956  0.07892165 -0.06706493]
[-0.11495616  0.08236145 -0.06706993]
[-0.11369481  0.08526451 -0.06468921]
[-0.11164292 -0.11654503  0.10802183]
[-0.10766713 -0.08906602  0.0419508 ]
[-0.10620332  0.09995042 -0.05178964]
[-0.10273989  0.0675501  -0.06483818]
[-0.10099174  0.11039709 -0.04270417]
[-0.09974257  0.11287867 -0.04014332]
[-0.09870965  0.11499405 -0.03911105]
[-0.09844378  0.11552436 -0.03884861]
[-0.0974107   0.11220718 -0.03906551]
[-0.09424295  0.12411571 -0.03737187]
[-0.08603539 -0.12770061  0.10789456]
[-0.07981764  0.14997547 -0.03268997]
[-0.07682642 -0.13143727  0.10859166]
[-0.07602972  0.15682829 -0.03512914]
[-0.07488681 -0.13227104  0.10861227]
[-0.07239565  0.16326851 -0.02956779]
[-0.06779225  0.15508147 -0.03054444]
[-0.06751675  0.17202268 -0.02845106]
[-0.06447878  0.17777592 -0.02771839]
[-0.06436333  0.17799348 -0.02771635]
[-0.06132856  0.18247984 -0.02787007]
[-0.05701899 -0.05793924 -0.06378165]
[-0.05531808 -0.13926381  0.10869265]
[-0.05454292 -0.14968157  0.08542852]
[-0.05304119 -0.14008237  0.10869072]
[-0.04969172  0.2003337  -0.02835   ]
[-0.0421736  -0.14985723  0.10924011]
[-0.04146702  0.21368385 -0.02856617]
[-0.04007968 -0.1519212   0.10896356]
[-0.03859521  0.21768096 -0.02583809]
[-0.03792739  0.21859017 -0.02521945]
[-0.03733838  0.09112622 -0.07195456]
[-0.03577575 -0.15610376  0.10852176]
[-0.03573508 -0.15614097  0.10852249]
[-0.03561001  0.22143144 -0.02331625]
[-0.03560816 -0.15614545  0.10849805]
[-0.02953675  0.22935283 -0.01795962]
[-0.02642616  0.23221107 -0.00233261]
[-0.02506742  0.23367998  0.0052329 ]
[-0.02478878  0.23443     0.00828999]
[-0.02316611  0.23678587  0.00971675]
[-0.01717548  0.24563115  0.01498066]
[-0.01325596  0.23092132  0.01890442]
[-0.01233864  0.25346023  0.02475895]
[-0.01196541  0.25416836  0.02553325]
[-0.00709939  0.26244013  0.03112708]
[-0.00311088  0.26729929  0.03524269]
[0.00045945 0.27154524 0.03890145]
[ 0.00304351 -0.14470119  0.03478646]
[ 0.00659714  0.20032706 -0.04520141]
[0.00681238 0.28071985 0.06004036]
[ 0.01080956 -0.15818957  0.10142059]
[ 0.01127974 -0.15807693  0.10134174]
[0.01186869 0.28666671 0.06462333]
[0.01837652 0.2939439  0.07038618]
[ 0.02115662 -0.1558791   0.09907645]
[0.02267432 0.30067721 0.07488636]
[ 0.02414811 -0.15530615  0.09805492]
[ 0.02422459 -0.15708279  0.09154884]
[0.02826481 0.31639758 0.17070526]
[0.02845179 0.31402842 0.17335739]
[0.02886066 0.3108174  0.17683758]
[0.0290716  0.31859134 0.16752856]
[0.02932958 0.31012031 0.17834912]
[ 0.03043646 -0.16291319  0.09595016]
[0.03064945 0.31286964 0.07663596]
[ 0.03072531 -0.163085    0.09585263]
[0.03110614 0.3230123  0.16082609]
[0.03200691 0.32408082 0.15890522]
[0.03279922 0.30671721 0.18370735]
[0.03340819 0.32511493 0.14952678]
[0.03392546 0.31871182 0.07716815]
[0.03397195 0.3254456  0.14608838]
[0.03442668 0.30509862 0.18629485]
[0.03602775 0.30388006 0.18759933]
[0.03645432 0.22221154 0.05326949]
[0.03690286 0.32270591 0.08403831]
[0.0369108  0.32539809 0.13510911]
[0.03746065 0.32361948 0.08548957]
[0.03787336 0.32412372 0.08639281]
[ 0.03811566 -0.16753052  0.09350855]
[0.04041522 0.32568824 0.12302199]
[0.04087414 0.32589682 0.12084263]
[0.04098938 0.32839655 0.09367499]
[0.04123158 0.29961101 0.19286345]
[0.04172808 0.32813696 0.11031105]
[0.04181367 0.29933063 0.1934575 ]
[ 0.04403436 -0.17093905  0.09116948]
[ 0.04629579 -0.00018191 -0.11494954]
[0.04647016 0.29738314 0.19649135]
[ 0.04653511 -0.17289198  0.0901868 ]
[ 0.04999636 -0.17579563  0.08790619]
[ 0.0503656  -0.18134053  0.05324951]
[ 0.05079284 -0.17660759  0.08672167]
[ 0.0516293  -0.18133807  0.06558236]
[ 0.05181673 -0.18122085  0.06882186]
[0.05219367 0.29489325 0.20077957]
[ 0.05220967 -0.18078291  0.0720847 ]
[ 0.052574   -0.17863748  0.08309035]
[0.05258065 0.29474872 0.20093097]
[ 0.05297542 -0.17979177  0.07907493]
[ 0.05304045 -0.18000931  0.07828428]
[ 0.05412652 -0.17461232  0.04550063]
[0.05424197 0.29925035 0.17178519]
[0.05703745 0.29235335 0.20243216]
[ 0.05825782 -0.16863419  0.03833918]
[ 0.06264263 -0.16215955  0.02859506]
[ 0.06381652 -0.16050574  0.02608163]
[ 0.0650215  -0.15913844  0.02389706]
[ 0.06800006 -0.14752179  0.00863652]
[0.06872225 0.30688166 0.09934771]
[0.06927406 0.28574139 0.20674771]
[ 0.06943646 -0.15380789  0.01550886]
[ 0.07097929 -0.15214248  0.01041263]
[ 0.07402954 -0.10202695 -0.00656094]
[ 0.07583059 -0.14564212  0.00824817]
[0.0786489  0.27861371 0.20936199]
[ 0.07929588 -0.14099138  0.00678461]
[ 0.08418363 -0.13453875  0.00475654]
[ 0.09130647 -0.12521552  0.00182815]
[0.09315441 0.26776312 0.21077471]
[ 0.09894453  0.08956833 -0.01703496]
[ 0.1008705  -0.11279943 -0.00337614]
[ 0.1021442  -0.11098669 -0.00413132]
[ 0.10352102 -0.10897572 -0.00439512]
[0.10470338 0.2591919  0.21089683]
[ 0.10662219 -0.06280438 -0.05900241]
[ 0.1109297  -0.09827906 -0.00579518]
[ 0.11166788 -0.097325   -0.00708012]
[0.11170919 0.24850968 0.20847418]
[0.1131959  0.24623174 0.2079645 ]
[0.11770539 0.22310909 0.13120852]
[0.12183464 0.23650821 0.20659384]
[ 0.12313504 -0.08335089 -0.02578859]
[ 0.12481545 -0.08130642 -0.02855401]
[0.12685495 0.24378386 0.19586408]
[0.13086138 0.23020391 0.20690795]
[ 0.13111768 -0.07227858 -0.04094687]
[0.14149964 0.23023767 0.21065828]
[0.14211832 0.22978282 0.21066949]
[ 0.14232654 -0.05565949 -0.0566945 ]
[ 0.14319841 -0.05429626 -0.05713043]
[ 0.14697132 -0.04810235 -0.05913891]
[ 0.15279663 -0.03850294 -0.06225492]
[0.15558204 0.21986045 0.21103799]
[ 0.15733116 -0.00059873 -0.07728292]
[ 0.16074605 -0.02426812 -0.06697722]
[0.1671909  0.17100011 0.03498137]
[ 0.16873203 -0.00997508 -0.07706692]
[ 0.16890401 -0.00965676 -0.07728936]
[0.16966202 0.20958313 0.21090476]
[ 1.74125077e-01 -8.07878480e-05 -7.60663206e-02]
[0.17899366 0.20295397 0.21090815]
[0.18231114 0.20486689 0.18717507]
[0.1824912  0.20061438 0.2101031 ]
[ 0.18558483  0.02084864 -0.06528397]
[ 0.18628186  0.0482422  -0.05199419]
[ 0.18965788  0.02718397 -0.0619854 ]
[0.19358999 0.19061928 0.20609795]
[ 0.19593486  0.03683306 -0.05516618]
[0.19811639 0.18650138 0.20469851]
[ 0.19967677  0.04261963 -0.0516242 ]
[0.20022356 0.06631189 0.00620011]
[ 0.20119516  0.04551358 -0.04224927]
[ 0.20179867  0.04625297 -0.04945116]
[0.20411135 0.18128284 0.20152183]
[ 0.20471072  0.0521344  -0.02266106]
[0.20681171 0.17926677 0.19821029]
[0.20681275 0.17920482 0.20025688]
[0.20707818 0.1773934  0.19915427]
[ 0.20745285  0.05702566 -0.00803204]
[0.20939297 0.17659776 0.1986699 ]
[ 0.20949857  0.06056979 -0.00284127]
[ 0.21008985  0.06157444 -0.00137042]
[0.21081062 0.1754857  0.19799295]
[0.21180594 0.06455792 0.01052889]
[0.21219798 0.17439287 0.19734233]
[0.21450394 0.06914109 0.01713199]
[0.21609031 0.07190281 0.02108946]
[0.21964842 0.18585486 0.12277687]
[0.22259569 0.08310235 0.02848012]
[0.22676328 0.16370121 0.18845895]
[0.22854772 0.16238803 0.18737932]
[0.23281154 0.10050176 0.04005901]
[0.23592302 0.10562606 0.04356037]
[0.23664816 0.15700537 0.18095863]
[0.2380621  0.13078062 0.04909057]
[0.2384148  0.15723513 0.18053972]
[0.23930083 0.11098407 0.04733183]
[0.23977914 0.15741355 0.18020237]
[0.24065505 0.15754936 0.17968777]
[0.2411416  0.15863215 0.1652796 ]
[0.24135365 0.11428544 0.04866491]
[0.24754471 0.12456745 0.05272362]
[0.24778562 0.12433601 0.06249929]
[0.24843592 0.1587731  0.17487338]
[0.25033353 0.12837861 0.06704658]
[0.25052955 0.15790344 0.17254475]
[0.25185739 0.13068699 0.06974649]
[0.25336527 0.15618631 0.16637966]
[0.25383911 0.133394   0.07616853]
[0.2554076  0.15490659 0.16169927]
[0.25578376 0.15442905 0.15948672]
[0.25773269 0.15372962 0.15179392]
[0.25918864 0.14157515 0.09461396]
[0.25923165 0.15315442 0.14403506]
[0.26086567 0.15246358 0.13242188]
[0.2622018  0.14915034 0.10877144]
[0.26274814 0.15158933 0.11516732]
[0.26275326 0.15076936 0.11165792]
[0.26303369 0.15169932 0.11357739]