[-0.08827448  0.11855619  0.07524318]
[-0.08806988  0.11752866  0.0760212 ]
[-0.08783372  0.12058337  0.07280089]
[-0.08779776  0.11455511  0.07861652]
[-0.08725326  0.12398284  0.0688758 ]
[-0.08410542  0.13805487  0.05709405]
[-0.08322741  0.14269132  0.01636333]
[-0.08318269  0.11229098  0.09086217]
[-0.08316397  0.14299515  0.01466662]
[-0.08316301  0.14288415  0.01583001]
[-0.08312207  0.14302392  0.01531432]
[-0.08289572  0.14255013  0.01545774]
[-0.08223541  0.14577321  0.00700217]
[-0.08218825  0.14341377  0.03233085]
[-0.08148161  0.14415265  0.04718651]
[-0.08129891  0.14435018  0.05113225]
[-0.08108837  0.11069984  0.09339053]
[-0.08038813  0.11016876  0.09424086]
[-0.07997745  0.10671051  0.07783142]
[-0.07837019  0.15223719 -0.01261642]
[-0.07602972  0.15682829 -0.03512914]
[-0.07600001  0.15672506 -0.02590922]
[-0.0753063   0.11120393  0.09934176]
[-0.07239565  0.16326851 -0.02956779]
[-0.06779225  0.15508147 -0.03054444]
[-0.06751675  0.17202268 -0.02845106]
[-0.0654473   0.11238425  0.10530551]
[-0.06447878  0.17777592 -0.02771839]
[-0.06436333  0.17799348 -0.02771635]
[-0.0638334   0.11259797  0.10637915]
[-0.06132856  0.18247984 -0.02787007]
[-0.05999056  0.11291269  0.10801342]
[-0.04987471  0.11376754  0.11244071]
[-0.04969172  0.2003337  -0.02835   ]
[-0.04938291  0.11360591  0.11266562]
[-0.04515616  0.1125059   0.1140708 ]
[-0.04146702  0.21368385 -0.02856617]
[-0.03976068  0.2170735  -0.03122736]
[-0.0379149   0.11065217  0.11642188]
[-0.03733838  0.09112622 -0.07195456]
[-0.03412054  0.2278913  -0.03981663]
[-0.03354708  0.22867881 -0.03931515]
[-0.03021313  0.10914745  0.11893609]
[-0.02748864  0.1087004   0.11964481]
[-0.02489937  0.11308753  0.11011812]
[-0.02124786  0.24381379 -0.02942144]
[-0.02000426  0.12750725  0.03307777]
[-0.01983125  0.24534145 -0.02838775]
[-0.01718194  0.1106982   0.12257472]
[-0.00764514  0.26067733 -0.03014045]
[-0.00747682  0.10806868  0.12502937]
[-0.00680754  0.26181609 -0.03024685]
[-0.00484899  0.264438   -0.03050242]
[-0.0034943   0.10698739  0.12611596]
[-0.00257184  0.10673605  0.12639898]
[0.00221214 0.10545199 0.12718233]
[ 0.00275894  0.27593307 -0.03127735]
[ 0.00655141  0.2816233  -0.03119901]
[ 0.00659714  0.20032706 -0.04520141]
[0.00931043 0.10354278 0.12848404]
[ 0.01245496  0.29133917 -0.03082969]
[ 0.01441186  0.29542214 -0.03937604]
[ 0.01469044  0.29707558 -0.04234194]
[ 0.0149719   0.29763386 -0.04253092]
[0.01821668 0.09973066 0.12991626]
[0.02154186 0.08977356 0.12924002]
[ 0.02191317  0.31040342 -0.04681363]
[ 0.02394324  0.31511359 -0.05080479]
[ 0.02641047  0.28733009 -0.03773264]
[ 0.02667859  0.32117286 -0.05602886]
[0.03013057 0.06598419 0.12528124]
[0.03043318 0.06512101 0.12517042]
[ 0.03180055  0.33228041 -0.06568341]
[ 0.03413885  0.3373138  -0.07007091]
[ 0.03510356  0.33953312 -0.07233452]
[ 0.03875364  0.34515336 -0.07895003]
[0.03969695 0.07118103 0.08452789]
[ 0.04267388  0.35114476 -0.08566929]
[0.04444377 0.06099027 0.12634706]
[ 0.04467957  0.35408629 -0.08804148]
[ 0.04486067  0.33688722 -0.0776159 ]
[ 0.04506199  0.35464094 -0.08849   ]
[ 0.04507986  0.35466047 -0.08850707]
[ 0.04510248  0.35468498 -0.08852854]
[0.04714105 0.06023478 0.1263863 ]
[ 0.05151536  0.36270132 -0.09526722]
[0.05314201 0.05849497 0.1267515 ]
[ 0.05416614  0.36454561 -0.09715756]
[ 0.05557236  0.36564449 -0.09823378]
[ 0.05995788  0.37081581 -0.0982159 ]
[0.06089926 0.0438409  0.12382541]
[ 0.06237239  0.37277661 -0.09821323]
[ 0.06661625  0.37590037 -0.09821117]
[0.06787096 0.03977574 0.1236898 ]
[ 0.07580046  0.37975299 -0.09823025]
[ 0.07651988  0.38007486 -0.09823158]
[ 0.0769142   0.38021471 -0.09823261]
[ 0.07924609  0.38043214 -0.09824362]
[0.08586251 0.03010882 0.12115546]
[ 0.0873243   0.38122743 -0.09828141]
[0.08976828 0.0280473  0.120507  ]
[ 0.0924888   0.38118875 -0.09926569]
[0.09596427 0.02783275 0.12073978]
[ 0.09677852  0.38056429 -0.10002881]
[ 0.09894453  0.08956833 -0.01703496]
[0.10734012 0.02739814 0.120979  ]
[ 0.10890937  0.34112522 -0.09872449]
[0.10997775 0.02314982 0.1018551 ]
[0.11194861 0.01578573 0.1163463 ]
[0.11471036 0.0090192  0.11224765]
[ 0.11546476  0.3759926  -0.10318282]
[ 0.11669913  0.28276731 -0.00752103]
[ 0.11982225  0.37525653 -0.10339044]
[ 0.12148122  0.37489063 -0.10345961]
[ 0.12421492  0.37401696 -0.1035424 ]
[0.12892928 0.00392839 0.10802242]
[0.13496939 0.00164492 0.10634229]
[0.13912995 0.00056262 0.10471952]
[ 0.14029805  0.36853552 -0.10399008]
[ 0.14052647 -0.01301373 -0.01729783]
[0.14181069 0.02351861 0.03612844]
[ 0.14465355  0.36809167 -0.10246719]
[ 0.14500963 -0.00063908  0.10211522]
[ 0.14658908 -0.00114125  0.10128292]
[ 0.15368084 -0.00232447  0.0969233 ]
[ 0.15541111 -0.00275483  0.09594193]
[ 0.15580482  0.36623966 -0.09818847]
[ 0.15730838 -0.00254476  0.09446964]
[ 0.15733116 -0.00059873 -0.07728292]
[0.15990189 0.00239159 0.08975589]
[ 0.1607261  -0.01997444  0.00571971]
[ 0.16082057 -0.01986135  0.00433283]
[ 0.16225368 -0.01815833 -0.01657613]
[ 0.16261624 -0.01774566 -0.02246286]
[ 0.16338838 -0.01529771  0.01661516]
[ 0.16357063 -0.01490512  0.01746282]
[ 0.16375577 -0.01701029 -0.03431895]
[ 0.16396575 -0.01418405  0.01911776]
[ 0.16432744 -0.00414503  0.08222774]
[ 0.16432937 -0.00117147  0.08972487]
[ 0.16446847 -0.00147556  0.08923971]
[ 0.16470521 -0.00203485  0.08830877]
[ 0.16488735 -0.0053909   0.07495527]
[ 0.16559355 -0.0068224   0.06789354]
[ 0.16588637 -0.0077534   0.05987433]
[ 0.16597594 -0.0082747   0.0538526 ]
[ 0.16598402 -0.01038686  0.02773142]
[ 0.16605548 -0.00902186  0.04592299]
[ 0.16684587 -0.01331697 -0.04974195]
[0.1671909  0.17100011 0.03498137]
[ 0.16809522  0.36360399 -0.09315724]
[ 0.16890087 -0.00965451 -0.06375572]
[ 0.16890401 -0.00965676 -0.07728936]
[ 0.16890763 -0.00965961 -0.07642383]
[ 1.74125077e-01 -8.07878480e-05 -7.60663206e-02]
[ 0.17707223  0.36401379 -0.0858053 ]
[ 0.17822839  0.34815413 -0.08196468]
[ 0.18558483  0.02084864 -0.06528397]
[ 0.18628186  0.0482422  -0.05199419]
[ 0.18856634  0.36059778 -0.08259787]
[ 0.18948355  0.36032008 -0.08234077]
[ 0.18965788  0.02718397 -0.0619854 ]
[ 0.19110029  0.35945718 -0.08249274]
[ 0.19135313  0.35930585 -0.08251712]
[ 0.19593486  0.03683306 -0.05516618]
[ 0.19849235  0.35512557 -0.0832021 ]
[ 0.19967677  0.04261963 -0.0516242 ]
[0.20022356 0.06631189 0.00620011]
[ 0.20119516  0.04551358 -0.04224927]
[ 0.20179867  0.04625297 -0.04945116]
[ 0.20471072  0.0521344  -0.02266106]
[ 0.20745285  0.05702566 -0.00803204]
[ 0.20949857  0.06056979 -0.00284127]
[ 0.21008985  0.06157444 -0.00137042]
[ 0.21050756  0.2606327  -0.05345498]
[0.21180594 0.06455792 0.01052889]
[0.21450394 0.06914109 0.01713199]
[0.21609031 0.07190281 0.02108946]
[0.22259569 0.08310235 0.02848012]
[ 0.22348213  0.3462659  -0.07596392]
[ 0.23247694  0.34253894 -0.07308851]
[0.23281154 0.10050176 0.04005901]
[0.23592302 0.10562606 0.04356037]
[0.2380621  0.13078062 0.04909057]
[0.23930083 0.11098407 0.04733183]
[0.24077395 0.11343077 0.04663877]
[ 0.24255715  0.32140375 -0.06135217]
[0.24552688 0.12167457 0.04442144]
[ 0.24697891  0.33728148 -0.06720338]
[0.25098461 0.13090995 0.04539091]
[0.25135493 0.13154625 0.04545935]
[0.25493169 0.13884551 0.03576946]
[ 0.25622469  0.32785853 -0.07354517]
[ 0.25693087  0.32717462 -0.0740345 ]
[ 0.26125147  0.322451   -0.07695377]
[0.26363839 0.15524543 0.02445949]
[ 0.26496074  0.31841777 -0.07946305]
[ 0.26507781  0.31832359 -0.07948635]
[0.26660967 0.20732954 0.00375338]
[0.27126212 0.1717695  0.01377208]
[0.27393292 0.17680841 0.01029976]
[ 0.28067463  0.1895127  -0.00268958]
[ 0.2813234   0.30930267 -0.07588626]
[ 0.28176558  0.19157653 -0.00255131]
[ 0.29098865  0.20911351 -0.00136583]
[ 0.29138642  0.20986869 -0.00220441]
[ 0.29344739  0.30099159 -0.07244967]
[ 0.29426972  0.30041209 -0.07220908]
[ 0.29507078  0.25684735 -0.05155178]
[ 0.29954295  0.22683865 -0.02094387]
[ 0.30074189  0.29466073 -0.06975013]
[ 0.30265802  0.23383159 -0.02863304]
[ 0.30284966  0.23423956 -0.02939151]
[ 0.30458896  0.2906696  -0.06928468]
[ 0.30488432  0.23760029 -0.03613204]
[ 0.30613556  0.28868533 -0.06893343]
[ 0.30721286  0.24133624 -0.04369721]
[ 0.31113168  0.24934948 -0.04753256]
[ 0.31302298  0.27824817 -0.06667749]
[ 0.31381759  0.27528624 -0.06565756]
[ 0.31384189  0.25672217 -0.05108087]
[ 0.31407488  0.27454094 -0.06506725]
[ 0.31464768  0.25878742 -0.05268648]
[ 0.31577135  0.26541653 -0.05786924]
[ 0.31615448  0.26761065 -0.05958442]