[-0.21965098 -0.2292754  -0.01804822]
[-0.21940025 -0.22567212 -0.01863689]
[-0.21906391 -0.23785497 -0.01845055]
[-0.21848588 -0.21799868 -0.01975933]
[-0.21848241 -0.2399606  -0.01825893]
[-0.21785941 -0.2155043  -0.02001067]
[-0.21751653 -0.19545474 -0.01313019]
[-0.21712613 -0.19182055 -0.01085874]
[-0.21695646 -0.21164434 -0.02042253]
[-0.21653756 -0.20824592 -0.02091484]
[-0.21538096 -0.24440658 -0.01994602]
[-0.21429406 -0.17872411 -0.01045756]
[-0.21303313 -0.23682339 -0.01435206]
[-0.21198343 -0.24986628 -0.02216398]
[-0.21196862 -0.16901908 -0.01139882]
[-0.2118591  -0.16824883 -0.0114439 ]
[-0.21177408 -0.16780599 -0.01147852]
[-0.20897588 -0.25307307 -0.02310679]
[-0.20561233 -0.14580642 -0.01396366]
[-0.20399737 -0.25664775 -0.02556535]
[-0.20135826 -0.13115106 -0.01898808]
[-0.19994365 -0.1266115  -0.02056839]
[-0.19976983 -0.20290919 -0.016133  ]
[-0.19547255 -0.26292236 -0.02985296]
[-0.19533578 -0.11225781 -0.02869363]
[-0.19324507 -0.10636247 -0.03207982]
[-0.18654877 -0.08697599 -0.03079092]
[-0.18356181 -0.07836556 -0.03021605]
[-0.18304541 -0.07684497 -0.03011661]
[-0.18272403 -0.076069   -0.030055  ]
[-0.18099346 -0.08438265 -0.1931871 ]
[-0.18069612 -0.08203124 -0.19162553]
[-0.18050296 -0.08752543 -0.19441244]
[-0.17853905 -0.10103477 -0.19981984]
[-0.17798291 -0.0646506  -0.03511002]
[-0.17795206 -0.06501206 -0.09724246]
[-0.17783157 -0.2718213  -0.03665743]
[-0.17765641 -0.06410162 -0.09503133]
[-0.17716585 -0.06336612 -0.17809443]
[-0.17710968 -0.06318997 -0.17794455]
[-0.17684293 -0.06213253 -0.0900022 ]
[-0.17675182 -0.06191254 -0.08920768]
[-0.17646053 -0.0611397  -0.12486159]
[-0.17638533 -0.06093293 -0.12563414]
[-0.17637914 -0.0608979  -0.17649102]
[-0.1760934  -0.06021552 -0.12833966]
[-0.17599905 -0.05998493 -0.12920966]
[-0.17596106 -0.06000111 -0.08230593]
[-0.17581785 -0.05964928 -0.0810402 ]
[-0.17553479 -0.0582731  -0.16281827]
[-0.17546116 -0.10798639 -0.2005959 ]
[-0.17486192 -0.05714531 -0.04073759]
[-0.17481654 -0.10928336 -0.20067239]
[-0.17416634 -0.05527521 -0.14690348]
[-0.1708529  -0.27937827 -0.03670086]
[-0.17055402 -0.1265828  -0.02784909]
[-0.17054168 -0.11880995 -0.19919391]
[-0.16956204 -0.0672204  -0.08968689]
[-0.16951387 -0.12011362 -0.20095546]
[-0.16887807 -0.04276463 -0.05339738]
[-0.16842117 -0.29298038 -0.02951941]
[-0.16704595 -0.06445425 -0.02709108]
[-0.16679478 -0.30187752 -0.02479991]
[-0.16536462 -0.30528137 -0.02249527]
[-0.16470408 -0.1248746  -0.20689535]
[-0.16246433 -0.1174676  -0.19311431]
[-0.16236132 -0.12679046 -0.21093628]
[-0.16207737 -0.30952053 -0.02028066]
[-0.16076109 -0.26612663 -0.03600004]
[-0.16067532 -0.31310863 -0.01780533]
[-0.15977209 -0.30721647 -0.01823274]
[-0.15543342 -0.31550042 -0.01803021]
[-0.15381075 -0.31660965 -0.01778264]
[-0.15262538 -0.04113203 -0.04448959]
[-0.14807662 -0.13498265 -0.228911  ]
[-0.14744077 -0.13522233 -0.22947242]
[-0.14484133 -0.13605505 -0.23148658]
[-0.14377071 -0.13642894 -0.23237521]
[-0.13713257 -0.06207891 -0.15336228]
[-0.13200385 -0.33156585 -0.01445989]
[-0.12975206 -0.20477024 -0.01740978]
[-0.12743882 -0.14213573 -0.24592009]
[-0.12479394 -0.335103   -0.01323969]
[-0.11744745 -0.1485658  -0.24415207]
[-0.1171299  -0.14879508 -0.24410578]
[-0.11681883 -0.14900036 -0.24405276]
[-0.11584174 -0.33891909 -0.01223724]
[-0.11551035 -0.14981324 -0.2438096 ]
[-0.11410099 -0.15076419 -0.24338285]
[-0.10729733 -0.30673565 -0.00708652]
[-0.10642738 -0.13384641 -0.23353133]
[-0.10585487 -0.34049502 -0.01080505]
[-0.10366692 -0.15784903 -0.24023857]
[-0.10331839 -0.15807295 -0.2401292 ]
[-0.10296603 -0.15830448 -0.24002039]
[-0.10223984 -0.34117698 -0.01029968]
[-0.10186282 -0.3411545  -0.01035839]
[-0.10072182 -0.15997428 -0.23939383]
[-0.09761016 -0.16380336 -0.23529739]
[-0.09450297 -0.1675221  -0.23113348]
[-0.08942942 -0.33861425 -0.01216882]
[-0.08807329 -0.17539269 -0.22263991]
[-0.08461969 -0.17960299 -0.21806564]
[-0.08317437 -0.33754326 -0.01309407]
[-0.08078155 -0.18497326 -0.21346584]
[-0.07933231 -0.33609978 -0.01360754]
[-0.07680465 -0.18922922 -0.21083074]
[-0.07394666 -0.18651634 -0.19966089]
[-0.07343803 -0.33421687 -0.01441843]
[-0.0731058  -0.19302945 -0.20812567]
[-0.07293321 -0.19320572 -0.20799775]
[-0.07009246 -0.33240308 -0.01634453]
[-0.0689221  -0.33179262 -0.01701195]
[-0.06609061 -0.32982994 -0.01875554]
[-0.06518815 -0.20212054 -0.20051312]
[-0.063263   -0.20436812 -0.19870608]
[-0.06039606 -0.32541518 -0.02238619]
[-0.05960077 -0.32465031 -0.02293259]
[-0.05958789 -0.20786975 -0.19650687]
[-0.05824809 -0.32352698 -0.02381482]
[-0.05782274 -0.20957165 -0.19546484]
[-0.05701899 -0.05793924 -0.06378165]
[-0.05666896 -0.29173927 -0.03293057]
[-0.05232406 -0.31944875 -0.02355447]
[-0.05210579 -0.21404635 -0.19135453]
[-0.04926393 -0.31649772 -0.0236726 ]
[-0.03950042 -0.30774587 -0.02385098]
[-0.03871096 -0.30701385 -0.02405198]
[-0.03683729 -0.22604341 -0.18040981]
[-0.03441016 -0.30234944 -0.02543203]
[-0.03209288 -0.22132749 -0.17102384]
[-0.03165659 -0.23115139 -0.17479006]
[-0.03006735 -0.23219544 -0.17283015]
[-0.02924493 -0.19633979 -0.03638446]
[-0.02896441 -0.29491408 -0.02782374]
[-0.02813966 -0.29393974 -0.02812204]
[-0.02806808 -0.13459717 -0.15138786]
[-0.02568231 -0.2899978  -0.02453019]
[-0.02295412 -0.28580967 -0.02068727]
[-0.02159021 -0.28361993 -0.01869227]
[-0.01733938 -0.23406566 -0.17297124]
[-0.01585045 -0.23768217 -0.16469795]
[-0.0156824  -0.23793613 -0.16432461]
[-0.01395228 -0.26509065 -0.00270028]
[-0.01314434 -0.26917457 -0.00565726]
[-0.01191567 -0.26707281 -0.00375465]
[-0.01071772 -0.26526167 -0.00669664]
[-0.00903307 -0.2436164  -0.15646039]
[-0.006173   -0.25838862 -0.01781653]
[-0.0049069  -0.2570674  -0.02045506]
[-0.0038581  -0.23920858 -0.10701224]
[-0.00358542 -0.24806829 -0.14902685]
[ 0.00178986 -0.24913754 -0.03513973]
[ 0.00196365 -0.24887657 -0.03529916]
[ 0.00222377 -0.25196746 -0.1369374 ]
[ 0.00309026 -0.25263649 -0.13556329]
[ 0.00715366 -0.24172996 -0.03986687]
[ 0.01265399 -0.25345331 -0.12968545]
[ 0.01361753 -0.23624468 -0.05060407]
[ 0.01372502 -0.23462261 -0.04506996]
[ 0.01373037 -0.23782353 -0.05540806]
[ 0.01386887 -0.25333681 -0.12837552]
[ 0.01417024 -0.24025476 -0.06209263]
[ 0.01510878 -0.24382593 -0.07112789]
[ 0.01633549 -0.25071821 -0.08687716]
[ 0.01637327 -0.25309666 -0.12567517]
[ 0.01646014 -0.25271826 -0.09203941]
[ 0.01755858 -0.25259672 -0.09590451]
[ 0.01951568 -0.25216598 -0.12067748]
[ 0.01995674 -0.25210555 -0.1055821 ]
[ 0.02107652 -0.25111617 -0.11427137]
[ 0.02114104 -0.25084523 -0.11594597]