[-0.11711778 -0.29019214  0.07859083]
[-0.11027668 -0.27012241  0.15817204]
[-0.1102567  -0.27008549  0.15815372]
[-0.10530528 -0.2616629   0.15322454]
[-0.10164489 -0.26546104  0.1442503 ]
[-0.1007471  -0.36119627  0.04209163]
[-0.09996343 -0.26361311  0.15379136]
[-0.09839088 -0.27258115  0.15715356]
[-0.09551497 -0.36673254  0.02442282]
[-0.09548541 -0.27546511  0.15782829]
[-0.09544597 -0.27550451  0.15783825]
[-0.09523534 -0.27569358  0.15782469]
[-0.09125733 -0.26705593  0.15370965]
[-0.09047021 -0.26725757  0.15365791]
[-0.09025524 -0.37212524  0.03304338]
[-0.08942848 -0.37296899  0.03499686]
[-0.0891178  -0.36346964  0.02391963]
[-0.08874293 -0.37291519  0.03571012]
[-0.08842417 -0.28183154  0.15746167]
[-0.085798   -0.36117414  0.02492514]
[-0.08528139 -0.28716838  0.15802936]
[-0.08396829 -0.28938489  0.1582902 ]
[-0.08373855 -0.28978273  0.15831796]
[-0.08074672 -0.36147107  0.03101491]
[-0.08019996 -0.27005583  0.15139147]
[-0.07962908 -0.37249205  0.04475693]
[-0.07812047 -0.36161902  0.03392973]
[-0.07763933 -0.27075798  0.15078378]
[-0.07654422 -0.30324382  0.1574026 ]
[-0.07597178 -0.35962524  0.03390181]
[-0.07429632 -0.27179167  0.15002474]
[-0.0740437  -0.37052082  0.04834817]
[-0.07271501 -0.31012105  0.15742716]
[-0.07270836 -0.3696332   0.0494491 ]
[-0.07030466 -0.31451217  0.15733196]
[-0.06996668 -0.35169194  0.03469113]
[-0.06995029 -0.31485405  0.15722961]
[-0.06977289 -0.36670353  0.05243876]
[-0.06882913 -0.34668885  0.10477923]
[-0.06817371 -0.27384922  0.14770787]
[-0.06609218 -0.36348375  0.05592335]
[-0.06336938 -0.31982162  0.15767038]
[-0.06019104 -0.34134655  0.03503228]
[-0.0583423  -0.32473666  0.15610803]
[-0.05733304 -0.27739127  0.14417516]
[-0.05605219 -0.32664401  0.15595858]
[-0.05356268 -0.35978203  0.07453927]
[-0.05339838 -0.32743294  0.15462963]
[-0.05335593 -0.35969899  0.07491245]
[-0.05322244 -0.33137754  0.03622847]
[-0.05273769 -0.35937797  0.07624699]
[-0.05084567 -0.31606818  0.04101126]
[-0.05014753 -0.358233    0.08123699]
[-0.04855897 -0.3268417   0.04252628]
[-0.04805299 -0.2806846   0.13967861]
[-0.04802223 -0.33118027  0.15058319]
[-0.04621679 -0.33232723  0.14929455]
[-0.04568558 -0.33263187  0.1488863 ]
[-0.0454566  -0.34316016  0.14223001]
[-0.04505716 -0.35819008  0.09205217]
[-0.0446539  -0.33390783  0.1476669 ]
[-0.04414109 -0.35795196  0.09524352]
[-0.04395692 -0.32019752  0.04316007]
[-0.0436649  -0.28223696  0.13757999]
[-0.04243335 -0.35745352  0.10116526]
[-0.04189911 -0.31729232  0.04344909]
[-0.04128136 -0.35719104  0.10477994]
[-0.04098633 -0.35678289  0.10746201]
[-0.04078224 -0.33917235  0.14279401]
[-0.04068801 -0.33966315  0.14244937]
[-0.04061313 -0.35661128  0.10907901]
[-0.03997155 -0.28540812  0.13597053]
[-0.03970696 -0.34218708  0.1374836 ]
[-0.03951917 -0.34268435  0.13651123]
[-0.03907074 -0.35495824  0.11564725]
[-0.03899042 -0.34588622  0.13477878]
[-0.03883161 -0.3488672   0.1334971 ]
[-0.03865948 -0.35306345  0.12159301]
[-0.03807955 -0.351555    0.1266211 ]
[-0.03794558 -0.31403081  0.05033985]
[-0.03670677 -0.28911969  0.10932797]
[-0.03512122 -0.28961934  0.13256133]
[-0.03401631 -0.3112131   0.05834553]
[-0.0335802  -0.31090295  0.05922801]
[-0.03348843 -0.31085133  0.05938164]
[-0.03340358 -0.31079151  0.0595521 ]
[-0.03123045 -0.30898578  0.06456115]
[-0.03064599 -0.29350607  0.12938316]
[-0.03041002 -0.29362189  0.12921969]
[-0.02536644 -0.29596168  0.12338973]
[-0.02504103 -0.29611095  0.1229846 ]
[-0.02383195 -0.3028759   0.08152578]
[-0.02355183 -0.30248681  0.0825389 ]
[-0.02213793 -0.30033617  0.08809144]
[-0.0216566  -0.29748115  0.11563765]
[-0.02132949 -0.29751962  0.11331273]
[-0.0189945  -0.29551115  0.10370235]
[-0.01886303 -0.29543875  0.10328781]
[-0.0185809  -0.29488496  0.10115883]
[-0.01837256 -0.29445733  0.09952857]