[0.02826481 0.31639758 0.17070526]
[0.02845179 0.31402842 0.17335739]
[0.02886066 0.3108174  0.17683758]
[0.0290716  0.31859134 0.16752856]
[0.02932958 0.31012031 0.17834912]
[0.03110614 0.3230123  0.16082609]
[0.03200691 0.32408082 0.15890522]
[0.03279922 0.30671721 0.18370735]
[0.03442668 0.30509862 0.18629485]
[0.03518659 0.3280895  0.15453387]
[0.03602775 0.30388006 0.18759933]
[0.04042011 0.33421837 0.14772453]
[0.04123158 0.29961101 0.19286345]
[0.04181367 0.29933063 0.1934575 ]
[0.04647016 0.29738314 0.19649135]
[0.04776445 0.34083325 0.13980103]
[0.05219367 0.29489325 0.20077957]
[0.05219912 0.34629159 0.13381328]
[0.05258065 0.29474872 0.20093097]
[0.05372027 0.34826589 0.13220605]
[0.05424197 0.29925035 0.17178519]
[0.05571087 0.35031466 0.13035465]
[0.05703745 0.29235335 0.20243216]
[0.05856841 0.35287131 0.12585971]
[0.05952099 0.35417057 0.12382794]
[0.06333713 0.34968085 0.12725647]
[0.0647751  0.36149736 0.12438297]
[0.06927406 0.28574139 0.20674771]
[0.07188387 0.37130155 0.11715637]
[0.07297736 0.37252126 0.11608616]
[0.0786489  0.27861371 0.20936199]
[0.08306617 0.38614154 0.10587233]
[0.08482353 0.38822737 0.10413434]
[0.08782506 0.39167732 0.10377663]
[0.09265665 0.39826177 0.10361869]
[0.09315441 0.26776312 0.21077471]
[0.09397184 0.40213056 0.09465287]
[0.09426221 0.40287962 0.09275325]
[0.09506331 0.40412536 0.09189565]
[0.09653373 0.40688296 0.09022223]
[0.09710572 0.3830005  0.09483081]
[0.10470338 0.2591919  0.21089683]
[0.10747999 0.42768569 0.07770701]
[0.10846284 0.42954586 0.0765849 ]
[0.10884955 0.43024379 0.07615056]
[0.10933825 0.43132634 0.0748793 ]
[0.11170919 0.24850968 0.20847418]
[0.11222477 0.43770548 0.06738337]
[0.1129603  0.43915777 0.06562124]
[0.1131959  0.24623174 0.2079645 ]
[0.11606736 0.44412364 0.05917612]
[0.1169236  0.44526182 0.05759672]
[0.11741301 0.44564907 0.05691888]
[0.11862425 0.44681142 0.05715323]
[0.12183464 0.23650821 0.20659384]
[0.12654249 0.45389899 0.05851484]
[0.12685495 0.24378386 0.19586408]
[0.12787446 0.4546964  0.05861226]
[0.13086138 0.23020391 0.20690795]
[0.13176332 0.45573536 0.05846688]
[0.13454136 0.45646043 0.05835732]
[0.13786702 0.45688715 0.0569668 ]
[0.14030816 0.45658911 0.05582532]
[0.14430615 0.219107   0.20660268]
[0.14495945 0.43213392 0.04892984]
[0.14507361 0.4559793  0.05359146]
[0.14740669 0.21652796 0.20655391]
[0.14859075 0.45473582 0.05178597]
[0.1506134  0.21402581 0.2063244 ]
[0.15129019 0.32850597 0.15860059]
[0.15375643 0.45477257 0.05259079]
[0.155889   0.45474352 0.05291857]
[0.15616709 0.20956368 0.20606638]
[0.15810906 0.45458618 0.05324689]
[0.1608981  0.19762842 0.2017538 ]
[0.16925809 0.45298742 0.05481369]
[0.1697181  0.45289045 0.0548752 ]
[0.17186425 0.45263993 0.05552861]
[0.17227208 0.19029548 0.20213385]
[0.17492835 0.18892484 0.20239463]
[0.18000584 0.43466396 0.36806517]
[0.1801256  0.43591976 0.36828137]
[0.1821217  0.4307419  0.37016587]
[0.18231114 0.20486689 0.18717507]
[0.18374209 0.44322675 0.36944654]
[0.18435412 0.42740032 0.37192775]
[0.18468811 0.18561152 0.20196212]
[0.18479601 0.18556847 0.20195372]
[0.18657708 0.44825771 0.37023781]
[0.18739475 0.45080599 0.06025841]
[0.18756792 0.41567732 0.36883774]
[0.18757885 0.41689558 0.36963969]
[0.18772238 0.41404125 0.3675466 ]
[0.1878044  0.42388708 0.37370849]
[0.18790211 0.42307909 0.37337114]
[0.1879273  0.42374211 0.37378324]
[0.18838498 0.45041761 0.37055872]
[0.18982352 0.45025312 0.06101601]
[0.19162518 0.4552526  0.3698061 ]
[0.19473967 0.459899   0.36908264]
[0.19533182 0.44861767 0.0627599 ]
[0.19543779 0.1810276  0.20136675]
[0.19796285 0.46409506 0.36831637]
[0.19833729 0.43794575 0.06437008]
[0.19836285 0.43384817 0.36733844]
[0.20100314 0.47138626 0.361973  ]
[0.20162401 0.47288073 0.36067764]
[0.20211681 0.4023346  0.37204626]
[0.20220486 0.47407897 0.35946483]
[0.20291145 0.40167568 0.37229623]
[0.20303389 0.40153059 0.37229778]
[0.20320231 0.2655664  0.09613854]
[0.20340059 0.40116175 0.37229038]
[0.20357538 0.44107771 0.05736293]
[0.20364999 0.44100239 0.05731727]
[0.20385782 0.37571732 0.0871301 ]
[0.20480107 0.17837523 0.19975198]
[0.20485798 0.39994217 0.37221591]
[0.20587735 0.17758415 0.19927042]
[0.2067065  0.48330729 0.35006526]
[0.20681171 0.17926677 0.19821029]
[0.20707818 0.1773934  0.19915427]
[0.20916883 0.48743421 0.3449196 ]
[0.20939297 0.17659776 0.1986699 ]
[0.21037372 0.48926972 0.34240084]
[0.21075935 0.48966128 0.34159379]
[0.21081062 0.1754857  0.19799295]
[0.21094363 0.43813925 0.05953322]
[0.21219798 0.17439287 0.19734233]
[0.21279207 0.49181551 0.33734016]
[0.2152503 0.4945301 0.331696 ]
[0.21668703 0.49226835 0.32917277]
[0.21702224 0.49567649 0.33133143]
[0.21878525 0.49603324 0.33042153]
[0.21930486 0.38748715 0.37154456]
[0.21964842 0.18585486 0.12277687]
[0.22484386 0.49708667 0.32973975]
[0.22561428 0.38356427 0.37097386]
[0.22676328 0.16370121 0.18845895]
[0.22725007 0.49671857 0.3291255 ]
[0.22843995 0.38172086 0.37073411]
[0.22854772 0.16238803 0.18737932]
[0.23097067 0.4200067  0.05037062]
[0.23214684 0.49529786 0.32758218]
[0.23382164 0.41753434 0.049075  ]
[0.23389449 0.4947764  0.32729138]
[0.23462168 0.37842403 0.37104446]
[0.23664816 0.15700537 0.18095863]
[0.23770824 0.41400781 0.04729623]
[0.2384148  0.15723513 0.18053972]
[0.23977914 0.15741355 0.18020237]
[0.24065505 0.15754936 0.17968777]
[0.2411416  0.15863215 0.1652796 ]
[0.24178417 0.49143627 0.32585193]
[0.24282987 0.37515738 0.37104241]
[0.24447272 0.40777289 0.04419255]
[0.24580483 0.48942861 0.32507913]
[0.2464969  0.39928377 0.04273274]
[0.24685014 0.4536542  0.32034941]
[0.24704251 0.3725977  0.37002615]
[0.24843592 0.1587731  0.17487338]
[0.24940824 0.40299002 0.04155395]
[0.25052955 0.15790344 0.17254475]
[0.25167563 0.39961346 0.03845421]
[0.25191913 0.36962911 0.36885054]
[0.25336527 0.15618631 0.16637966]
[0.25462893 0.48335434 0.32316877]
[0.25507964 0.36838657 0.36798576]
[0.2554076  0.15490659 0.16169927]
[0.25578376 0.15442905 0.15948672]
[0.25670813 0.39798817 0.04096812]
[0.25830712 0.48080166 0.32303794]
[0.25870116 0.48052801 0.32302391]
[0.25984443 0.15745179 0.15297691]
[0.26084323 0.15834648 0.15169692]
[0.26159208 0.36862419 0.36953334]
[0.26176981 0.15927732 0.15044389]
[0.26285797 0.39180342 0.36186058]
[0.26524603 0.36862368 0.37044778]
[0.26806822 0.36908838 0.37099375]
[0.26980391 0.47059476 0.3224325 ]
[0.27019805 0.47023023 0.3225957 ]
[0.27042554 0.16990883 0.13747928]
[0.27294583 0.17326217 0.1335367 ]
[0.27351312 0.36954799 0.37150301]
[0.2738062  0.22659544 0.12483416]
[0.2745153  0.46589601 0.32444964]
[0.2756186  0.38449405 0.03859141]
[0.27740882 0.18039432 0.12577844]
[0.27806134 0.18133603 0.12416388]
[0.27837027 0.36994075 0.37196374]
[0.27872075 0.18263925 0.12420279]
[0.27900056 0.45969095 0.32670668]
[0.27956393 0.37028546 0.3719843 ]
[0.28310409 0.19113778 0.1236802 ]
[0.2842011  0.45294884 0.32923567]
[0.28475889 0.34395605 0.04017508]
[0.28557452 0.3724319  0.37193445]
[0.28576526 0.45048269 0.33008154]
[0.2862736  0.44959664 0.3307319 ]
[0.28627482 0.3728898  0.37185105]
[0.28656426 0.3730756  0.37181231]
[0.28691775 0.19855449 0.12322554]
[0.28858872 0.20361507 0.12302787]
[0.28879607 0.37441313 0.03698967]
[0.28886096 0.2045086  0.12299572]
[0.28977166 0.44057748 0.33701741]
[0.28982184 0.37361966 0.03686569]
[0.29054524 0.37758097 0.37052558]
[0.29119735 0.37909031 0.37001658]
[0.29123693 0.4368366  0.33962731]
[0.29184144 0.43293042 0.34216782]
[0.29193526 0.2148675  0.12361581]
[0.29206037 0.43143173 0.34313994]
[0.2924448  0.38225641 0.36893509]
[0.29250871 0.38296354 0.36866899]
[0.29318405 0.39181116 0.36532538]
[0.29363833 0.22004952 0.12192171]
[0.29392136 0.39586493 0.3623842 ]
[0.29403572 0.42107617 0.34795824]
[0.29457975 0.40262185 0.35741645]
[0.29471862 0.41193888 0.35221782]
[0.29476519 0.40573863 0.35511143]
[0.29560277 0.22905484 0.11920641]
[0.29653197 0.23386823 0.11778283]
[0.29707899 0.2857114  0.0816872 ]
[0.2986512  0.36853803 0.0385742 ]
[0.30067925 0.25841818 0.11965365]
[0.30088529 0.25981076 0.1197701 ]
[0.30101078 0.2603833  0.11921538]
[0.30497224 0.2774426  0.0994031 ]
[0.30650101 0.28248717 0.09383985]
[0.30988007 0.36123772 0.0408573 ]
[0.30989319 0.29569354 0.08451698]
[0.31141637 0.29930191 0.07684624]
[0.3116749  0.29986775 0.0756984 ]
[0.31263409 0.30325686 0.07367364]
[0.31349215 0.35812395 0.04041484]
[0.31534059 0.35645197 0.04018084]
[0.31814366 0.35250112 0.03968933]
[0.32027555 0.32391336 0.06175134]
[0.32033373 0.32405647 0.06166996]
[0.32039636 0.32423792 0.06156419]
[0.32084802 0.3485987  0.03920636]
[0.3211921  0.34736727 0.03907396]
[0.32251621 0.33052318 0.05788868]
[0.32297029 0.33131375 0.05605446]
[0.32357738 0.33952314 0.03822295]
[0.32375148 0.33932039 0.0386074 ]
[0.32436707 0.33387484 0.05013436]
[0.32440525 0.33694886 0.04351329]