[ 0.03147494 -0.21282983 -0.31779266]
[ 0.04723587 -0.23598169 -0.29924298]
[ 0.04848651 -0.23577479 -0.29875172]
[ 0.05216047 -0.2355686  -0.29711588]
[ 0.05359484 -0.23652664 -0.30083951]
[ 0.05399624 -0.23656876 -0.30093232]
[ 0.05404546 -0.23656786 -0.30094996]
[ 0.05408729 -0.23655252 -0.30097999]
[ 0.05434089 -0.23650583 -0.30111431]
[ 0.05447491 -0.23498828 -0.29630147]
[ 0.06093276 -0.23096834 -0.29518087]
[ 0.06385135 -0.23477753 -0.30612769]
[ 0.06568002 -0.23350118 -0.30806624]
[ 0.06593763 -0.22832778 -0.29408455]
[ 0.07011514 -0.22948511 -0.31371815]
[ 0.07029966 -0.22153214 -0.29528527]
[ 0.0706291  -0.22791338 -0.31551526]
[ 0.07222352 -0.2057989  -0.31461546]
[ 0.07226075 -0.20676864 -0.31464722]
[ 0.07227552 -0.20606098 -0.31406792]
[ 0.07248819 -0.22160915 -0.31515784]
[ 0.07278469 -0.21062197 -0.30470696]
[ 0.07326034 -0.21706434 -0.29603083]
[ 0.07346832 -0.2141581  -0.29732697]
[ 0.07350261 -0.21587326 -0.2964879 ]