[-0.10510713  0.09721223  0.0106691 ]
[-0.10451766  0.09730381  0.02091496]
[-0.1039616   0.09748058  0.03257407]
[-0.10370211  0.0978898   0.03395305]
[-0.10229894  0.10438679 -0.00129268]
[-0.10228587  0.09937146  0.0393181 ]
[-0.10194618  0.1056655  -0.00619966]
[-0.10045937  0.10108024  0.04565633]
[-0.09974257  0.11287867 -0.04014332]
[-0.09963205  0.11296676 -0.03766529]
[-0.09952004  0.11303424 -0.03559492]
[-0.09827694  0.11629408 -0.04576545]
[-0.0974107   0.11220718 -0.03906551]
[-0.09721796  0.11903986 -0.05028405]
[-0.09503973  0.10653119  0.0655575 ]
[-0.09453258  0.10655643  0.06911079]
[-0.0925986   0.13049535 -0.06913794]
[-0.09240243  0.1309747  -0.06986305]
[-0.09222378  0.10661641  0.07630692]
[-0.0921566   0.13149232 -0.06989245]
[-0.09201484  0.13080393 -0.06965064]
[-0.09109015  0.10663787  0.07853201]
[-0.0874193   0.10568661  0.08660671]
[-0.08694784  0.10437819  0.08865439]
[-0.08602213  0.10289152  0.09062285]
[-0.08595166  0.08511449  0.01108373]
[-0.08299811  0.15208255 -0.08480964]
[-0.08222176  0.15372721 -0.08500753]
[-0.07997745  0.10671051  0.07783142]
[-0.07979875  0.09600802  0.09795816]
[-0.07864538  0.09465544  0.09946332]
[-0.07832586  0.09437655  0.09969865]
[-0.07772267  0.16225365 -0.08618782]
[-0.07731897  0.16301386 -0.08626584]
[-0.07719859  0.0934848   0.10035411]
[-0.0738333   0.09070291  0.10253785]
[-0.07034805  0.08610699  0.10507623]
[-0.06895967  0.14515875 -0.08961106]
[-0.06438754  0.18865722 -0.08869838]
[-0.064266    0.07880397  0.10767034]
[-0.06132762  0.19393741 -0.08931455]
[-0.05769941  0.20081168 -0.09315499]
[-0.05761169  0.07082314  0.1104847 ]
[-0.05759992  0.20098482 -0.09318235]
[-0.056243    0.06931025  0.1107343 ]
[-0.05462472  0.20675613 -0.09412391]
[-0.05402348  0.20966012 -0.10099529]
[-0.05244458  0.21395551 -0.10623411]
[-0.05121637  0.06581919  0.11173018]
[-0.05013801  0.19968201 -0.0922661 ]
[-0.04732011  0.22900763 -0.12440623]
[-0.04653064  0.23073843 -0.12658699]
[-0.04277523  0.06113655  0.09601095]
[-0.04122438  0.05884408  0.11423358]
[-0.03819753  0.24420385 -0.12745412]
[-0.03733838  0.09112622 -0.07195456]
[-0.03727234  0.05612473  0.11464221]
[-0.03529131  0.24869794 -0.12777073]
[-0.03247373  0.0502656   0.11498243]
[-0.02724635  0.04389911  0.11552586]
[-0.02672579  0.2629976  -0.13344306]
[-0.02474464  0.26582685 -0.13467414]
[-0.02466674  0.03723811  0.11557943]
[-0.02231385  0.03137663  0.11486892]
[-0.02049946  0.27246625 -0.14258452]
[-0.01983125  0.24534145 -0.02838775]
[-0.01959586  0.24462633 -0.02351603]
[-0.01922854  0.24362708 -0.01777826]
[-0.01916848  0.24313667 -0.01161357]
[-0.01911741  0.24211552  0.00328438]
[-0.01863285  0.02225599  0.11358206]
[-0.01849689  0.24278373  0.00661092]
[-0.01717548  0.24563115  0.01498066]
[-0.01642376  0.27798063 -0.14968113]
[-0.01565203  0.01475391  0.11295255]
[-0.01497089  0.02470315  0.07144022]
[-0.0147929   0.25368021 -0.03880434]
[-0.01383207  0.28168438 -0.15627945]
[-0.01325596  0.23092132  0.01890442]
[-0.01233864  0.25346023  0.02475895]
[-0.01196541  0.25416836  0.02553325]
[-0.01094555  0.2611685  -0.04723623]
[-0.01053933  0.26232483 -0.04941313]
[-0.01019256  0.2853152  -0.16386894]
[-0.0085701   0.00849149  0.11259585]
[-0.00814586  0.26900057 -0.06212039]
[-0.00719568  0.27304453 -0.06837343]
[-0.00709939  0.26244013  0.03112708]
[-0.00582362  0.27691058 -0.07569183]
[-0.00543083  0.27899386 -0.08153093]
[-0.00530186  0.28026198 -0.08568749]
[-0.00527169  0.28078478 -0.08730005]
[-0.00432183  0.29155822 -0.16486184]
[-0.00311088  0.26729929  0.03524269]
[-0.00285555  0.29290749 -0.16510219]
[-0.0025625   0.27532728 -0.0837468 ]
[-0.00250897  0.2864707  -0.09361717]
[-0.00087543  0.29455411 -0.17028677]
[-0.00043483  0.00150218  0.11138194]
[0.00045945 0.27154524 0.03890145]
[ 0.00087213  0.27576723 -0.16496424]
[ 0.00171869  0.29270343 -0.10110329]
[ 0.00246272  0.29622608 -0.17848725]
[ 0.00329525  0.29527615 -0.10411449]
[ 0.00589611 -0.00621566  0.11008676]
[ 0.00659714  0.20032706 -0.04520141]
[0.00681238 0.28071985 0.06004036]
[ 0.00838254  0.30390238 -0.11754839]
[ 0.0083987   0.21909455 -0.1393555 ]
[ 0.00909525  0.30501567 -0.11931354]
[ 0.00917531  0.30120105 -0.18198268]
[ 0.01008268  0.30582648 -0.12086089]
[ 0.01177606 -0.01338465  0.10889113]
[0.01186869 0.28666671 0.06462333]
[ 0.01325411  0.30405294 -0.18399398]
[ 0.01449525  0.01742836 -0.00406646]
[ 0.01450951  0.31046149 -0.12902566]
[ 0.01535226 -0.01771001  0.1078911 ]
[0.01837652 0.2939439  0.07038618]
[ 0.01871047  0.31475248 -0.13965155]
[ 0.02203202  0.3167341  -0.14573378]
[0.02267432 0.30067721 0.07488636]
[ 0.02561067  0.11590292 -0.15274816]
[0.02630264 0.30720249 0.09705698]
[ 0.02718765  0.31907708 -0.15396997]
[0.02728926 0.30828741 0.10077358]
[0.02826481 0.31639758 0.17070526]
[0.02845179 0.31402842 0.17335739]
[ 0.0285813   0.31074586 -0.18890253]
[0.02865053 0.30924714 0.17772394]
[0.02886066 0.3108174  0.17683758]
[0.0290716  0.31859134 0.16752856]
[0.02908284 0.30606781 0.17914966]
[ 0.02924283  0.31105131 -0.1891253 ]
[0.02986353 0.29925433 0.18226776]
[ 0.03007358  0.31996897 -0.16037827]
[ 0.0301088   0.31998439 -0.16046634]
[ 0.03013666  0.31998562 -0.16051215]
[0.03110614 0.3230123  0.16082609]
[0.03200691 0.32408082 0.15890522]
[0.03267398 0.29264542 0.18440921]
[ 0.03269061  0.31201235 -0.18987093]
[ 0.03335144 -0.02770493  0.10488424]
[0.03518659 0.3280895  0.15453387]
[0.03546752 0.28783605 0.18659618]
[ 0.03551524  0.31286361 -0.19052389]
[0.03568242 0.28740328 0.18680679]
[0.03621369 0.28671789 0.18706803]
[0.03645432 0.22221154 0.05326949]
[0.03884183 0.3237825  0.10821381]
[ 0.03956164 -0.03124066  0.10398838]
[ 0.03963065  0.32059158 -0.17652724]
[ 0.04041922  0.32046481 -0.17747204]
[0.04042011 0.33421837 0.14772453]
[0.04172808 0.32813696 0.11031105]
[ 0.04182208 -0.03502746  0.10331081]
[0.04287514 0.27820822 0.19028684]
[0.04350113 0.27631785 0.19037775]
[ 0.04629579 -0.00018191 -0.11494954]
[0.04776445 0.34083325 0.13980103]
[0.04826384 0.26612228 0.18954549]
[ 0.0494664   0.31816964 -0.19046949]
[ 0.04992877  0.31899887 -0.18872536]
[ 0.05025084  0.31894271 -0.18909292]
[ 0.05083303  0.31875292 -0.18957332]
[ 0.05179422  0.31846263 -0.19041452]
[0.05219912 0.34629159 0.13381328]
[0.05230523 0.34375391 0.12198866]
[0.05293189 0.25580509 0.1888478 ]
[0.05372027 0.34826589 0.13220605]
[0.05400012 0.34688617 0.12428   ]
[0.0542049  0.34719415 0.12424838]
[0.05424197 0.29925035 0.17178519]
[ 0.05493484 -0.05285031  0.09692251]
[0.05571087 0.35031466 0.13035465]
[ 0.05597601  0.28138605 -0.11650856]
[0.05657405 0.249245   0.18776122]
[0.05659356 0.35009692 0.12415055]
[0.05856841 0.35287131 0.12585971]
[0.05952099 0.35417057 0.12382794]
[0.06203035 0.2394296  0.18613809]
[0.06268726 0.23827692 0.18593205]
[ 0.0632125   0.30971247 -0.18935557]
[0.06333713 0.34968085 0.12725647]
[ 0.06538387 -0.06007645  0.0933725 ]
[ 0.0673799  -0.06154442  0.09276595]
[0.06852713 0.24059269 0.17950833]
[ 0.06853227 -0.06215369  0.09222108]
[0.06872225 0.30688166 0.09934771]
[0.06951978 0.23094782 0.18557061]
[ 0.07141704 -0.0242908   0.05866906]
[0.0723513  0.22790629 0.18542384]
[ 0.07664057 -0.06641005  0.08836227]
[0.07961454 0.21824139 0.18433788]
[0.0883869  0.20715579 0.18252469]
[ 0.08943953 -0.06521534  0.08508706]
[0.09342916 0.20716465 0.18416202]
[ 0.09431903  0.26653577 -0.2127666 ]
[0.09710572 0.3830005  0.09483081]
[ 0.09749929 -0.06324479  0.08345809]
[ 0.09926439  0.02735468 -0.20469392]
[ 0.10455061 -0.06115204  0.08109637]
[ 0.10662219 -0.06280438 -0.05900241]
[ 0.10704904 -0.06041686  0.08027564]
[ 0.10998498 -0.05833363  0.07621442]
[ 0.11049915 -0.05931496  0.07917456]
[0.11325699 0.2071856  0.19065369]
[ 0.1132856   0.02902678 -0.2148124 ]
[ 0.11336388 -0.05994794  0.07768415]
[ 0.11430453 -0.05998088  0.07654416]
[ 0.11691068 -0.06007213  0.07338577]
[ 0.11746187  0.02096148 -0.20884919]
[0.11770539 0.22310909 0.13120852]
[ 0.1184129   0.03592706 -0.21479034]
[ 0.12106655  0.01392207 -0.2036204 ]
[ 0.12215737 -0.05964865  0.02281608]
[0.12309251 0.18468433 0.18442428]
[0.12321125 0.18440792 0.18435938]
[ 0.12347973 -0.06149028  0.06428032]
[ 0.12407709 -0.0616212   0.06350694]
[ 0.12422983 -0.06164522  0.06304609]
[ 0.12462433  0.01047298 -0.19999883]
[ 0.1267677   0.04267951 -0.21741273]
[0.12843267 0.18011643 0.18445981]
[ 0.12967016 -0.06250875  0.04685366]
[ 0.129896   -0.06251308  0.04530471]
[ 0.13058956 -0.06248722  0.03945789]
[0.13072392 0.34259323 0.0444815 ]
[ 0.13111768 -0.07227858 -0.04094687]
[ 0.13124067 -0.06524906  0.01810312]
[ 0.13178553 -0.06706652  0.00154918]
[ 0.1317863  -0.06667382  0.00556348]
[ 0.1317999  -0.06696212  0.00240403]
[ 0.13181485 -0.06796678 -0.00525473]
[ 0.13200154 -0.06362239  0.02048611]
[ 0.13285117 -0.07048293 -0.05204702]
[ 0.13401021 -0.05973558  0.02623699]
[ 0.13666985 -0.06727881 -0.07272755]
[ 0.13670212 -0.06724318 -0.07294523]
[ 0.13694933  0.05109438 -0.22049847]
[ 0.13709505  0.1829006  -0.19692152]
[ 0.13710469 -0.00479122 -0.17861738]
[0.13722001 0.17328408 0.18402354]
[ 0.13832858 -0.01828735 -0.14362402]
[ 0.13889082 -0.06466618 -0.08600256]
[ 0.14004589 -0.00839899 -0.17354966]
[ 0.14039954 -0.00901042 -0.17245333]
[ 0.14050671 -0.06141747 -0.10123272]
[ 0.14058686 -0.0096114  -0.17160898]
[ 0.14296809 -0.0564893  -0.10933851]
[ 0.14320402 -0.01721792 -0.16170593]
[ 0.14326526  0.0839461  -0.20605808]
[ 0.14419992  0.06958214 -0.23287667]
[ 0.14433583 -0.05147129 -0.11622176]
[0.14495945 0.43213392 0.04892984]
[ 0.14540367 -0.02306966 -0.15468032]
[ 0.14784641 -0.0418035  -0.13053685]
[ 0.14811859 -0.03906681 -0.1337206 ]
[ 0.14893421 -0.02413204 -0.14807046]
[ 0.15094827 -0.026296   -0.14292415]
[ 0.15120091 -0.02486879 -0.14432756]
[ 0.15125648 -0.02537445 -0.14362493]
[0.15129019 0.32850597 0.15860059]
[ 0.15134642 -0.02490219 -0.1439601 ]
[0.15283861 0.16110729 0.18329932]
[ 0.1533235   0.07968796 -0.23773196]
[0.1564061  0.15973308 0.18372764]
[ 0.15741998  0.08397716 -0.24033641]
[ 0.15985854  0.08667646 -0.24202864]
[ 0.16391302  0.16401437 -0.10409203]
[0.1671909  0.17100011 0.03498137]
[0.16724145 0.15544076 0.18336345]
[ 0.16756769  0.09356717 -0.24994756]
[0.17545922 0.15126493 0.17015409]
[0.17575605 0.15209051 0.18308899]
[ 0.17718378  0.10207011 -0.25996958]
[0.18026582 0.15031463 0.18292402]
[0.18100605 0.15001201 0.18274407]
[ 0.18702434  0.12126699 -0.25381118]
[0.18796359 0.14716018 0.18104819]
[0.19105874 0.14590106 0.18042425]
[ 0.19338229  0.07748923 -0.18228207]
[ 0.19426544  0.09865172 -0.2519595 ]
[ 0.19569969  0.10271052 -0.25930603]
[ 0.19633718  0.10732553 -0.26511078]
[0.20127772 0.14631803 0.18083737]
[0.20320231 0.2655664  0.09613854]
[0.20385782 0.37571732 0.0871301 ]
[ 0.20423438  0.06858961 -0.18360781]
[ 0.20506362  0.06596009 -0.16979692]
[ 0.20531006  0.06657826 -0.17568083]
[0.2061923  0.14686227 0.18048389]
[ 0.20655413  0.09041381 -0.22688821]
[ 0.20994595  0.07893363 -0.20118588]
[ 0.20995465  0.07897879 -0.20124569]
[ 0.21231284  0.08336227 -0.20862986]
[ 0.21284844  0.08618935 -0.21405023]
[ 0.21318555  0.06934732 -0.14485463]
[ 0.21395984  0.06927984 -0.14303351]
[ 0.21422977  0.06945308 -0.14211806]
[ 0.2151842   0.08106864 -0.12319055]
[ 0.21639639  0.07271609 -0.13209981]
[ 0.21750109  0.07432356 -0.1230466 ]
[0.21964842 0.18585486 0.12277687]
[0.22126187 0.14850076 0.17944871]
[ 0.22174393  0.08090589 -0.11692599]
[ 0.2231455   0.10761786 -0.04361655]
[0.22450441 0.14884598 0.17923776]
[0.22619937 0.14916505 0.1789048 ]
[ 0.22788146  0.09011128 -0.08588475]
[0.22839566 0.14958745 0.17845897]
[ 0.23059376  0.09366256 -0.07355754]
[ 0.23160973  0.09559344 -0.06732378]
[ 0.23192855  0.09774388 -0.04094587]
[ 0.23265379  0.09767034 -0.05836656]
[ 0.23299235  0.09859588 -0.05462073]
[0.23574723 0.14771442 0.17460263]
[ 0.23658592  0.1066748  -0.03645503]
[0.2380621  0.13078062 0.04909057]
[0.24011656 0.14791488 0.17161669]
[0.2411416  0.15863215 0.1652796 ]
[ 0.24297083  0.11921437 -0.02663608]
[0.24473667 0.14993776 0.17004968]
[0.24675616 0.1508748  0.16933392]
[0.24774202 0.15160957 0.16882274]
[0.24904547 0.1519813  0.16741183]
[0.25135493 0.13154625 0.04545935]
[ 0.25159095  0.14366106 -0.00966559]
[ 0.25225483  0.13616265 -0.01299363]
[0.253058   0.13755806 0.01808673]
[0.25425747 0.1400946  0.00653216]
[ 0.25477504  0.14077132 -0.00881325]
[0.25481883 0.1537196  0.16105239]
[ 0.25519672  0.14166699 -0.00063262]
[0.25578376 0.15442905 0.15948672]
[0.2576281  0.14209953 0.04864258]
[0.25984443 0.15745179 0.15297691]
[0.26084323 0.15834648 0.15169692]
[0.26176981 0.15927732 0.15044389]
[0.27042554 0.16990883 0.13747928]
[0.27055005 0.16379479 0.05558711]
[0.27294583 0.17326217 0.1335367 ]
[0.27325175 0.16878834 0.05727203]
[0.27360942 0.20335621 0.07475951]
[0.2738062  0.22659544 0.12483416]
[0.27740882 0.18039432 0.12577844]
[0.27806134 0.18133603 0.12416388]
[0.27872075 0.18263925 0.12420279]
[0.28020526 0.18092403 0.06124379]
[0.28310409 0.19113778 0.1236802 ]
[0.28437315 0.18803536 0.06448015]
[0.28646665 0.19291797 0.06683089]
[0.28691775 0.19855449 0.12322554]
[0.28858872 0.20361507 0.12302787]
[0.28886096 0.2045086  0.12299572]
[0.28903262 0.19873342 0.07079077]
[0.29069311 0.20253725 0.07338172]
[0.29187009 0.20504667 0.07681661]
[0.29193526 0.2148675  0.12361581]
[0.29240308 0.20711871 0.07965927]
[0.29318835 0.21042    0.08418929]
[0.29362534 0.21166415 0.08341794]
[0.29363833 0.22004952 0.12192171]
[0.29560277 0.22905484 0.11920641]
[0.29653197 0.23386823 0.11778283]
[0.29707899 0.2857114  0.0816872 ]
[0.29715684 0.22453633 0.07463794]
[0.29811385 0.22838649 0.07497705]
[0.30067925 0.25841818 0.11965365]
[0.30088529 0.25981076 0.1197701 ]
[0.30101078 0.2603833  0.11921538]
[0.30211216 0.25177837 0.07723473]
[0.30497224 0.2774426  0.0994031 ]
[0.30528502 0.26517136 0.07843132]
[0.30582087 0.26847048 0.07875278]
[0.3064312  0.27560373 0.08410852]
[0.30650101 0.28248717 0.09383985]
[0.30656826 0.27717685 0.08529205]
[0.30729303 0.28219612 0.08659844]
[0.30989319 0.29569354 0.08451698]