[-0.06830898  0.17446878  0.08205003]
[-0.06815971  0.17433297  0.08590923]
[-0.06808985  0.17475442  0.07147076]
[-0.06739095  0.17380453  0.09968824]
[-0.06739023  0.17381703  0.09963496]
[-0.06668184  0.17286875  0.10321734]
[-0.06612213  0.17956781  0.05139644]
[-0.06459747  0.18142631  0.04372507]
[-0.06441512  0.1718403   0.10619738]
[-0.06300825  0.18246602  0.03951   ]
[-0.06056899  0.18467873  0.03044144]
[-0.06044377  0.18485084  0.02972939]
[-0.05819428  0.18798664  0.01933068]
[-0.0576423   0.16961158  0.11153124]
[-0.05604273  0.16908829  0.11277795]
[-0.05349517  0.19488462  0.01644688]
[-0.05062155  0.18774077  0.0185754 ]
[-0.0475795   0.16688771  0.1169716 ]
[-0.04619142  0.20568116  0.01603765]
[-0.04289756  0.15981037  0.11881678]
[-0.04218515  0.21227821  0.01567753]
[-0.03980579  0.21515665  0.01567259]
[-0.0369313   0.15154685  0.12041811]
[-0.03553395  0.14968672  0.12071842]
[-0.03318942  0.16912428  0.0988198 ]
[-0.03318784  0.22402703  0.01548516]
[-0.02478878  0.23443     0.00828999]
[-0.02316611  0.23678587  0.00971675]
[-0.01717548  0.24563115  0.01498066]
[-0.01642666  0.14804789  0.12764326]
[-0.01367085  0.14675096  0.12851641]
[-0.01325596  0.23092132  0.01890442]
[-0.01217774  0.14604628  0.12899304]
[-0.0112147   0.1456293   0.12923357]
[-0.00928655  0.25597891  0.0114542 ]
[-0.00515017  0.26221812  0.00937256]
[-0.00306595  0.26517054  0.00837838]
[0.00116886 0.27141115 0.00628925]
[0.00563754 0.2789562  0.00381032]
[0.01066957 0.28754445 0.00233894]
[0.01308232 0.29162879 0.00115224]
[0.01407326 0.13424864 0.13631815]
[ 0.01682448  0.29822447 -0.00073228]
[0.01733912 0.28372213 0.0016054 ]
[0.01761442 0.1339935  0.13751122]
[ 0.02346407  0.30985851 -0.00553173]
[ 0.0234865   0.30988812 -0.00554624]
[ 0.02351758  0.30992031 -0.00556478]
[0.03355871 0.1331048  0.14093215]
[0.03645432 0.22221154 0.05326949]
[0.03685733 0.13292018 0.14164562]
[ 0.03702687  0.32577268 -0.01395463]
[ 0.03912974  0.32948479 -0.01547951]
[ 0.0421122   0.3339175  -0.01475424]
[ 0.04597483  0.33923135 -0.01233296]
[ 0.04723927  0.330435   -0.01900908]
[0.04820268 0.13615045 0.11510387]
[ 0.05012792  0.34456372 -0.00840704]
[0.05304511 0.1402566  0.14711706]
[0.05620846 0.14171103 0.1485162 ]
[0.0631538  0.36361405 0.00566327]
[0.06474119 0.36608799 0.00685368]
[0.06615196 0.3683486  0.00794184]
[0.06779044 0.37117535 0.0093038 ]
[0.07031992 0.37419314 0.01748193]
[0.0717427  0.37586348 0.02220432]
[0.07425962 0.36421426 0.00584315]
[0.07597228 0.38149067 0.03736265]
[0.07674583 0.38297792 0.04091021]
[0.07735316 0.38426023 0.0469355 ]
[0.08033854 0.38810989 0.06809747]
[0.0807639  0.38870534 0.07009758]
[0.08113013 0.38906438 0.07153953]
[0.08300349 0.38533812 0.2381777 ]
[0.08300568 0.38580635 0.23662545]
[0.08308115 0.38776639 0.22997866]
[0.0831056  0.38512444 0.23865461]
[0.08322142 0.38930614 0.22457533]
[0.08368815 0.39013939 0.22077382]
[0.08404498 0.3907648  0.21801384]
[0.08481497 0.39195704 0.21255914]
[0.08482353 0.38822737 0.10413434]
[0.08486097 0.38253572 0.24326849]
[0.08529268 0.38890114 0.10095909]
[0.08553822 0.39072897 0.09453453]
[0.08593101 0.39247121 0.08807243]
[0.08650039 0.38056929 0.24608625]
[0.08670859 0.38050519 0.24640037]
[0.08742893 0.3945393  0.19870834]
[0.08877418 0.37983802 0.24925618]
[0.08883563 0.3956956  0.19199775]
[0.08929134 0.39302816 0.11135747]
[0.09026369 0.39674512 0.18123872]
[0.0909863  0.39412767 0.13083275]
[0.09128319 0.39425918 0.13381386]
[0.09133857 0.39436462 0.13493972]
[0.09140981 0.39496699 0.13967484]
[0.09175619 0.39794029 0.17311407]
[0.09177305 0.397918   0.17188612]
[0.09214414 0.39758897 0.16322233]
[0.09277996 0.14428081 0.15998144]
[0.09460687 0.37753037 0.253779  ]
[0.09710572 0.3830005  0.09483081]
[0.09889765 0.39312458 0.17853021]
[0.10010581 0.3753526  0.25802494]
[0.10044747 0.37242476 0.25753413]
[0.10066263 0.37042905 0.25722545]
[0.10094691 0.36880273 0.25681496]
[0.10106832 0.14347689 0.16212145]
[0.10269646 0.35853338 0.25428938]
[0.10310551 0.35604446 0.2536991 ]
[0.10412906 0.35397316 0.25368717]
[0.10853334 0.14278818 0.1637352 ]
[0.10893146 0.14277072 0.16382789]
[0.10927572 0.34338099 0.25372913]
[0.11033748 0.34139341 0.25362401]
[0.11467313 0.33415477 0.25268939]
[0.11658362 0.33169352 0.25265621]
[ 0.11669913  0.28276731 -0.00752103]
[0.11810897 0.3634204  0.23179265]
[0.12045568 0.14339543 0.1511597 ]
[0.12510492 0.14203171 0.16799363]
[0.12528443 0.32155539 0.25306178]
[0.12973149 0.31684228 0.25272292]
[0.13072392 0.34259323 0.0444815 ]
[0.13885421 0.3076379  0.25148679]
[0.14395351 0.14477454 0.17415655]
[0.14419007 0.30659603 0.24570319]
[0.1455374  0.30154745 0.25101098]
[0.14713363 0.14526572 0.17498304]
[0.14965676 0.29621904 0.24968081]
[0.15129019 0.32850597 0.15860059]
[0.15421021 0.28916594 0.24744439]
[0.15724146 0.14687435 0.17725413]
[0.15742716 0.14701995 0.17734567]
[0.16440415 0.25623492 0.23321404]
[0.16488436 0.23934343 0.22347489]
[0.16493859 0.23907591 0.22334126]
[0.1671909  0.17100011 0.03498137]
[0.16724145 0.15544076 0.18336345]
[0.16729697 0.26669365 0.24065446]
[0.16743655 0.22258109 0.21664854]
[0.1676827  0.26807572 0.2416018 ]
[0.16966202 0.20958313 0.21090476]
[0.17075138 0.27002505 0.21670614]
[0.17107065 0.16234397 0.18757706]
[0.17173097 0.17802717 0.19577769]
[0.17173711 0.17810865 0.1958138 ]
[0.1717416  0.17818366 0.19584983]
[0.17227208 0.19029548 0.20213385]
[0.17545922 0.15126493 0.17015409]
[0.17546296 0.12486777 0.12217636]
[0.18231114 0.20486689 0.18717507]
[0.20320231 0.2655664  0.09613854]
[0.21964842 0.18585486 0.12277687]