[-0.11711778 -0.29019214  0.07859083]
[-0.10530528 -0.2616629   0.15322454]
[-0.10293993 -0.26548473  0.15505282]
[-0.10164489 -0.26546104  0.1442503 ]
[-0.09996343 -0.26361311  0.15379136]
[-0.09839088 -0.27258115  0.15715356]
[-0.09548541 -0.27546511  0.15782829]
[-0.09544597 -0.27550451  0.15783825]
[-0.09523534 -0.27569358  0.15782469]
[-0.09125733 -0.26705593  0.15370965]
[-0.09047021 -0.26725757  0.15365791]
[-0.08842417 -0.28183154  0.15746167]
[-0.08528139 -0.28716838  0.15802936]
[-0.08396829 -0.28938489  0.1582902 ]
[-0.08373855 -0.28978273  0.15831796]
[-0.08019996 -0.27005583  0.15139147]
[-0.07763933 -0.27075798  0.15078378]
[-0.07654422 -0.30324382  0.1574026 ]
[-0.07429632 -0.27179167  0.15002474]
[-0.07271501 -0.31012105  0.15742716]
[-0.07030466 -0.31451217  0.15733196]
[-0.06995029 -0.31485405  0.15722961]
[-0.06882913 -0.34668885  0.10477923]
[-0.06817371 -0.27384922  0.14770787]
[-0.06336938 -0.31982162  0.15767038]
[-0.0583423  -0.32473666  0.15610803]
[-0.05733304 -0.27739127  0.14417516]
[-0.05605219 -0.32664401  0.15595858]
[-0.05339838 -0.32743294  0.15462963]
[-0.05084567 -0.31606818  0.04101126]
[-0.04805299 -0.2806846   0.13967861]
[-0.04802223 -0.33118027  0.15058319]
[-0.04621679 -0.33232723  0.14929455]
[-0.04568558 -0.33263187  0.1488863 ]
[-0.0454566  -0.34316016  0.14223001]
[-0.0446539  -0.33390783  0.1476669 ]
[-0.0436649  -0.28223696  0.13757999]
[-0.04322164 -0.32157611  0.04954275]
[-0.04305331 -0.32282337  0.05340223]
[-0.04238597 -0.31877768  0.04555989]
[-0.04194831 -0.32521728  0.05984259]
[-0.04189911 -0.31729232  0.04344909]
[-0.04078224 -0.33917235  0.14279401]
[-0.04068801 -0.33966315  0.14244937]
[-0.0406799  -0.33026535  0.07473687]
[-0.0406382  -0.33125506  0.07693801]
[-0.0403583  -0.33166726  0.07791377]
[-0.04014165 -0.33219884  0.07913968]
[-0.03997155 -0.28540812  0.13597053]
[-0.03986505 -0.33886866  0.09397246]
[-0.03970696 -0.34218708  0.1374836 ]
[-0.03951917 -0.34268435  0.13651123]
[-0.03932447 -0.3402311   0.09997989]
[-0.03869441 -0.34069635  0.10236022]
[-0.03855754 -0.341419    0.10543596]
[-0.03843519 -0.3427666   0.12934223]
[-0.03833301 -0.3429992   0.12052328]
[-0.03811883 -0.34318344  0.11302293]
[-0.03802757 -0.34315043  0.11386564]
[-0.03794558 -0.31403081  0.05033985]
[-0.03791928 -0.34284522  0.12450071]
[-0.03670677 -0.28911969  0.10932797]
[-0.03512122 -0.28961934  0.13256133]
[-0.03401631 -0.3112131   0.05834553]
[-0.0335802  -0.31090295  0.05922801]
[-0.03348843 -0.31085133  0.05938164]
[-0.03340358 -0.31079151  0.0595521 ]
[-0.03123045 -0.30898578  0.06456115]
[-0.03064599 -0.29350607  0.12938316]
[-0.03041002 -0.29362189  0.12921969]
[-0.02536644 -0.29596168  0.12338973]
[-0.02504103 -0.29611095  0.1229846 ]
[-0.02383195 -0.3028759   0.08152578]
[-0.02355183 -0.30248681  0.0825389 ]
[-0.02213793 -0.30033617  0.08809144]
[-0.0216566  -0.29748115  0.11563765]
[-0.02132949 -0.29751962  0.11331273]
[-0.0189945  -0.29551115  0.10370235]
[-0.01886303 -0.29543875  0.10328781]
[-0.0185809  -0.29488496  0.10115883]
[-0.01837256 -0.29445733  0.09952857]