[0.07674583 0.38297792 0.04091021]
[0.07735316 0.38426023 0.0469355 ]
[0.07784321 0.38484483 0.03907683]
[0.08022105 0.39035374 0.03406635]
[0.08033854 0.38810989 0.06809747]
[0.0807639  0.38870534 0.07009758]
[0.08113013 0.38906438 0.07153953]
[0.08482353 0.38822737 0.10413434]
[0.08488531 0.40096745 0.02437441]
[0.08529268 0.38890114 0.10095909]
[0.08553822 0.39072897 0.09453453]
[0.08589873 0.40334942 0.02221479]
[0.08593101 0.39247121 0.08807243]
[0.08909012 0.41154335 0.01175406]
[0.08929134 0.39302816 0.11135747]
[0.0893323  0.41199882 0.01115528]
[0.08952037 0.41235261 0.01068972]
[0.0909863  0.39412767 0.13083275]
[0.09128319 0.39425918 0.13381386]
[0.09133857 0.39436462 0.13493972]
[0.09140981 0.39496699 0.13967484]
[0.09175619 0.39794029 0.17311407]
[0.09177305 0.397918   0.17188612]
[0.09214414 0.39758897 0.16322233]
[0.09351681 0.41893238 0.00189815]
[ 9.51989555e-02  4.20278251e-01 -1.31175411e-04]
[ 0.09559895  0.42054998 -0.00055702]
[0.0956982  0.40202854 0.18122448]
[0.09710572 0.3830005  0.09483081]
[0.09889765 0.39312458 0.17853021]
[ 0.09914733  0.42317993 -0.00278639]
[0.10068826 0.40696425 0.18388966]
[0.10254013 0.40867473 0.18483451]
[ 0.10273469  0.42496247 -0.0043253 ]
[ 0.10442325  0.42547033 -0.00477947]
[0.1074229  0.41250466 0.00572803]
[ 0.10797988  0.42532056 -0.01015403]
[ 0.10894057  0.42532913 -0.01166319]
[0.1098762  0.41543952 0.18749971]
[ 0.11109509  0.4247436  -0.01433933]
[ 0.11278613  0.42424488 -0.01639395]
[ 0.11727826  0.42343453 -0.02031253]
[ 0.11986373  0.42239111 -0.02177585]
[0.12478171 0.43037957 0.19340323]
[0.12740434 0.43270987 0.19432003]
[0.13072392 0.34259323 0.0444815 ]
[ 0.13140085  0.41745612 -0.02792267]
[ 0.13150968  0.41740778 -0.02797819]
[ 0.13170008  0.41730541 -0.02805092]
[0.13429018 0.43881682 0.19707721]
[ 0.13761694  0.41412919 -0.03031756]
[0.14113378 0.44546224 0.20007638]
[ 0.14739144  0.40764366 -0.03625748]
[0.15126525 0.45545151 0.20068962]
[0.15129019 0.32850597 0.15860059]
[ 0.15141908  0.40475631 -0.03816613]
[0.15306876 0.45743049 0.20085851]
[0.15438088 0.45873742 0.20094186]
[0.15590907 0.46019546 0.2015865 ]
[0.15637849 0.42196057 0.18953843]
[ 0.16233959  0.38904126 -0.02356812]
[ 0.16323799  0.39953285 -0.03819649]
[ 0.17109079  0.39701004 -0.03659182]
[0.1734492  0.47714027 0.20905186]
[0.17447277 0.47805147 0.20946293]
[0.17921551 0.48232558 0.21075664]
[ 0.17943311  0.39500074 -0.03373717]
[ 0.18352757  0.39401117 -0.03233069]
[ 0.18357619  0.3939905  -0.03232893]
[ 0.18424945  0.39369091 -0.0322954 ]
[0.18483256 0.48743094 0.2122971 ]
[ 0.18680789  0.39243567 -0.03208837]
[0.19050025 0.49204044 0.21374828]
[0.19177685 0.49306674 0.21407287]
[0.19262459 0.49381828 0.21343523]
[0.19413701 0.49453453 0.2125782 ]
[0.20198649 0.49691953 0.20872881]
[0.20210734 0.49692701 0.20868268]
[0.20240977 0.4968774  0.20859794]
[0.20320231 0.2655664  0.09613854]
[0.21132713 0.49555528 0.20603609]
[ 0.21308792  0.37964431 -0.03003154]
[0.2142682  0.49448882 0.20547438]
[0.21838186 0.49357734 0.20707136]
[0.22288131 0.47093436 0.21300837]
[ 0.22323094  0.37632191 -0.02666465]
[0.22343526 0.49177387 0.20916554]
[ 0.22494473  0.35059254 -0.01322919]
[0.22596692 0.49072461 0.21024289]
[0.23196688 0.48775086 0.21069398]
[ 0.23432533  0.37200165 -0.02263113]
[ 0.23753328  0.36888672 -0.02447603]
[0.23776666 0.28516327 0.0176272 ]
[0.24192429 0.48198885 0.21155886]
[0.24512816 0.48003077 0.21185178]
[ 0.2495811   0.35725299 -0.03141324]
[ 0.25537527  0.35344612 -0.03184823]
[0.25609664 0.4728788  0.21062126]
[0.26078886 0.46955668 0.21007996]
[ 0.26146034  0.34946978 -0.03232055]
[ 0.26415615  0.34752658 -0.03239996]
[0.26582219 0.29921009 0.13189937]
[0.27450515 0.4606372  0.21245344]
[0.27854893 0.45796371 0.21317107]
[0.27990046 0.45702621 0.21342884]
[ 0.28098537  0.33565358 -0.03308007]
[0.28198263 0.38731306 0.17352357]
[ 0.28652884  0.33213107 -0.03269487]
[0.28987718 0.44919679 0.21570221]
[0.29470138 0.25115266 0.0328642 ]
[ 0.29662885  0.32427648 -0.03116186]
[ 0.29698921  0.30671419 -0.02110884]
[0.29707899 0.2857114  0.0816872 ]
[0.2973195  0.44336367 0.21739507]
[ 0.30065419  0.32105271 -0.03049688]
[0.30145487 0.44031567 0.21958686]
[0.30318371 0.43882782 0.2205716 ]
[ 0.30381737  0.31919936 -0.02898764]
[0.30412187 0.41328109 0.2290329 ]
[0.30466132 0.28396277 0.11879564]
[0.30534446 0.2903206  0.12313237]
[0.30566967 0.28305223 0.10183044]
[0.30576719 0.43582105 0.22229417]
[0.30650101 0.28248717 0.09383985]
[0.30708988 0.30212337 0.13115125]
[0.30729303 0.28219612 0.08659844]
[0.30748207 0.26140982 0.04853754]
[0.30769075 0.26399494 0.0521927 ]
[0.30792585 0.25733131 0.0361571 ]
[0.30801452 0.28193098 0.08000176]
[0.3082045  0.26909954 0.05942016]
[0.30825575 0.32160547 0.14450208]
[0.30831121 0.28182203 0.07731864]
[0.30832411 0.25412918 0.02601046]
[0.30884658 0.43139317 0.22461781]
[0.30942415 0.25709567 0.02284177]
[0.30966857 0.31687097 0.14114431]
[0.3102882  0.25911023 0.02065555]
[0.31052944 0.32141392 0.14252982]
[0.31058045 0.4283811  0.22609241]
[0.31090058 0.3238722  0.14568947]
[ 0.31104857  0.3136431  -0.02464614]
[0.31112283 0.32551378 0.1484509 ]
[0.31190616 0.33004607 0.151755  ]
[0.31227975 0.33240958 0.15346052]
[ 0.31279197  0.31214394 -0.02349163]
[ 0.31391463  0.3103874  -0.02221373]
[0.31428884 0.42198544 0.2306928 ]
[0.31458835 0.42145122 0.23107173]
[0.31467261 0.42125694 0.23119669]
[0.31488524 0.42059128 0.23158525]
[0.31516838 0.27205469 0.00680527]
[0.3154161 0.4189084 0.2325641]
[0.31573023 0.35448567 0.16937113]
[ 0.31656965  0.30681345 -0.0195835 ]
[0.31657991 0.36300353 0.17526844]
[0.316782   0.36475194 0.17649283]
[0.31678682 0.27615372 0.00239796]
[0.31729793 0.41356738 0.23112528]
[0.31789106 0.41069148 0.23028676]
[0.31828533 0.37755943 0.18506556]
[0.3183392  0.37946878 0.18626144]
[0.31837204 0.40400346 0.2282004 ]
[0.31849889 0.38216458 0.18799024]
[0.31861489 0.40239199 0.22461294]
[0.31863625 0.38494223 0.19253866]
[0.3186423  0.40147758 0.22240702]
[ 0.31868005  0.28150361 -0.00052562]
[ 0.31890582  0.30396718 -0.01696982]
[0.3189209  0.39404085 0.20733478]
[0.31893578 0.39990383 0.21899037]
[0.31897439 0.39724901 0.21252268]
[ 0.31954182  0.30099261 -0.01438676]
[ 0.31983162  0.28541313 -0.00271363]
[ 0.32008899  0.28880954 -0.00477969]
[ 0.32046592  0.29213553 -0.00677515]
[ 0.32090551  0.29613492 -0.0101417 ]