[-0.10510713  0.09721223  0.0106691 ]
[-0.10451766  0.09730381  0.02091496]
[-0.10399441  0.09268545 -0.17271895]
[-0.1039616   0.09748058  0.03257407]
[-0.10370211  0.0978898   0.03395305]
[-0.10365327  0.09945489 -0.15689809]
[-0.10353962  0.09861936 -0.15875318]
[-0.10351957  0.08756255 -0.1842322 ]
[-0.10229894  0.10438679 -0.00129268]
[-0.10228587  0.09937146  0.0393181 ]
[-0.10225676  0.08463136 -0.1901985 ]
[-0.10199087  0.10949535 -0.15028133]
[-0.10194618  0.1056655  -0.00619966]
[-0.10104622  0.11249428 -0.14752939]
[-0.10045937  0.10108024  0.04565633]
[-0.09982892  0.08173507 -0.19893267]
[-0.09974257  0.11287867 -0.04014332]
[-0.09963205  0.11296676 -0.03766529]
[-0.09952004  0.11303424 -0.03559492]
[-0.09840661  0.07949091 -0.20623685]
[-0.09827694  0.11629408 -0.04576545]
[-0.0974107   0.11220718 -0.03906551]
[-0.09721796  0.11903986 -0.05028405]
[-0.09702303  0.07538423 -0.21268463]
[-0.09691325  0.12465167 -0.14050559]
[-0.09690894  0.07799096 -0.21047913]
[-0.09680703  0.12491524 -0.1405797 ]
[-0.09665785  0.06452186 -0.22143372]
[-0.09654836  0.06303272 -0.22260194]
[-0.09538273  0.12843788 -0.14156907]
[-0.09503973  0.10653119  0.0655575 ]
[-0.09453258  0.10655643  0.06911079]
[-0.0925986   0.13049535 -0.06913794]
[-0.09240243  0.1309747  -0.06986305]
[-0.09222378  0.10661641  0.07630692]
[-0.0921566   0.13149232 -0.06989245]
[-0.09201484  0.13080393 -0.06965064]
[-0.09115001  0.14006507 -0.14494616]
[-0.09109015  0.10663787  0.07853201]
[-0.09100784  0.10667659 -0.13232177]
[-0.0903346  0.0594316 -0.2324417]
[-0.08790813  0.05752484 -0.23515074]
[-0.0874193   0.10568661  0.08660671]
[-0.08694784  0.10437819  0.08865439]
[-0.08661996  0.15148605 -0.14817472]
[-0.08602213  0.10289152  0.09062285]
[-0.08595166  0.08511449  0.01108373]
[-0.08593169  0.05628212 -0.23717693]
[-0.08546131  0.1542647  -0.14595712]
[-0.08299811  0.15208255 -0.08480964]
[-0.08222176  0.15372721 -0.08500753]
[-0.0821757   0.16055339 -0.14085521]
[-0.08162861  0.16187941 -0.13979766]
[-0.07997745  0.10671051  0.07783142]
[-0.07979875  0.09600802  0.09795816]
[-0.07864538  0.09465544  0.09946332]
[-0.07832586  0.09437655  0.09969865]
[-0.07772267  0.16225365 -0.08618782]
[-0.07731897  0.16301386 -0.08626584]
[-0.07719859  0.0934848   0.10035411]
[-0.07686345  0.17561127 -0.14374679]
[-0.07620286  0.17744894 -0.14389659]
[-0.07512442  0.04821707 -0.24614318]
[-0.07441587  0.0430135  -0.2486401 ]
[-0.0740875   0.04043141 -0.25036844]
[-0.0738333   0.09070291  0.10253785]
[-0.0728983   0.03224913 -0.25271275]
[-0.07258184  0.03647847 -0.23187584]
[-0.0722359   0.0277262  -0.25390223]
[-0.07034805  0.08610699  0.10507623]
[-0.06957484  0.19047541 -0.14515473]
[-0.06895967  0.14515875 -0.08961106]
[-0.06533245  0.15362617 -0.14391508]
[-0.06438754  0.18865722 -0.08869838]
[-0.064266    0.07880397  0.10767034]
[-0.06378349  0.20371555 -0.14633813]
[-0.06239207  0.20647844 -0.14660353]
[-0.06151715  0.20819325 -0.14668697]
[-0.06132762  0.19393741 -0.08931455]
[-0.06082113  0.20955741 -0.14675334]
[-0.06017821  0.20756138 -0.14687587]
[-0.05956471  0.21201375 -0.14685029]
[-0.05926812  0.02302398 -0.25610166]
[-0.05769941  0.20081168 -0.09315499]
[-0.05761169  0.07082314  0.1104847 ]
[-0.05759992  0.20098482 -0.09318235]
[-0.05636504  0.21812231 -0.14655281]
[-0.056243    0.06931025  0.1107343 ]
[-0.05513388  0.06950699 -0.19552953]
[-0.05462472  0.20675613 -0.09412391]
[-0.05402348  0.20966012 -0.10099529]
[-0.05261138  0.02128476 -0.25551294]
[-0.05244458  0.21395551 -0.10623411]
[-0.05161374  0.22658488 -0.14610524]
[-0.0514442   0.02123901 -0.25539237]
[-0.05121637  0.06581919  0.11173018]
[-0.05013801  0.19968201 -0.0922661 ]
[-0.04732011  0.22900763 -0.12440623]
[-0.04653064  0.23073843 -0.12658699]
[-0.04277523  0.06113655  0.09601095]
[-0.04122438  0.05884408  0.11423358]
[-0.04061903  0.24416158 -0.14505032]
[-0.03870629  0.24716931 -0.14486632]
[-0.03819753  0.24420385 -0.12745412]
[-0.03802898  0.02041027 -0.25454668]
[-0.03733838  0.09112622 -0.07195456]
[-0.03727234  0.05612473  0.11464221]
[-0.03715093  0.02045755 -0.25431029]
[-0.03667017  0.25086646 -0.14695499]
[-0.03636288  0.25140194 -0.14725956]
[-0.03529131  0.24869794 -0.12777073]
[-0.03247373  0.0502656   0.11498243]
[-0.02724635  0.04389911  0.11552586]
[-0.02672579  0.2629976  -0.13344306]
[-0.02643267  0.2658361  -0.1557417 ]
[-0.02474464  0.26582685 -0.13467414]
[-0.02466674  0.03723811  0.11557943]
[-0.02234647  0.27228979 -0.16393116]
[-0.02231385  0.03137663  0.11486892]
[-0.02226326  0.27240195 -0.16407153]
[-0.02201093  0.27266094 -0.16438597]
[-0.02049946  0.27246625 -0.14258452]
[-0.01863285  0.02225599  0.11358206]
[-0.01765727  0.27731252 -0.17006214]
[-0.01642376  0.27798063 -0.14968113]
[-0.0158119   0.01568134 -0.24888687]
[-0.01565203  0.01475391  0.11295255]
[-0.01497089  0.02470315  0.07144022]
[-0.01383207  0.28168438 -0.15627945]
[-0.01019256  0.2853152  -0.16386894]
[-0.0085701   0.00849149  0.11259585]
[-0.00806975  0.28733396 -0.17501507]
[-0.00539727  0.29012335 -0.17625861]
[-0.00478056  0.29075591 -0.17653801]
[-0.00472855  0.01254531 -0.2486164 ]
[-0.00432183  0.29155822 -0.16486184]
[-0.00315471  0.29189484 -0.17691508]
[-0.00285555  0.29290749 -0.16510219]
[-0.00087543  0.29455411 -0.17028677]
[-0.00043483  0.00150218  0.11138194]
[ 0.00087213  0.27576723 -0.16496424]
[ 0.00130117  0.01114291 -0.2472891 ]
[ 0.00246272  0.29622608 -0.17848725]
[ 0.00589611 -0.00621566  0.11008676]
[ 0.0083987   0.21909455 -0.1393555 ]
[ 0.01177606 -0.01338465  0.10889113]
[ 0.01449525  0.01742836 -0.00406646]
[ 0.01535226 -0.01771001  0.1078911 ]
[ 0.01611092  0.01071224 -0.24470492]
[ 0.01842965  0.01064792 -0.24422001]
[ 0.02101058  0.01132163 -0.2244428 ]
[ 0.02561067  0.11590292 -0.15274816]
[ 0.03335144 -0.02770493  0.10488424]
[ 0.03881332  0.01062508 -0.24007472]
[ 0.03956164 -0.03124066  0.10398838]
[ 0.04062788  0.01061446 -0.23994987]
[ 0.04182208 -0.03502746  0.10331081]
[ 0.04629579 -0.00018191 -0.11494954]
[ 0.04985183  0.00906799 -0.23878521]
[ 0.05493484 -0.05285031  0.09692251]
[ 0.05951896  0.00681348 -0.23315035]
[ 0.06538387 -0.06007645  0.0933725 ]
[ 0.0673799  -0.06154442  0.09276595]
[ 0.06853227 -0.06215369  0.09222108]
[ 0.07141704 -0.0242908   0.05866906]
[ 0.07664057 -0.06641005  0.08836227]
[ 0.08784995  0.0143552  -0.22341876]
[ 0.08943953 -0.06521534  0.08508706]
[ 0.09165022  0.01562365 -0.22173169]
[ 0.09406784  0.01643061 -0.22065842]
[ 0.09749929 -0.06324479  0.08345809]
[ 0.09926439  0.02735468 -0.20469392]
[ 0.10455061 -0.06115204  0.08109637]
[ 0.10662219 -0.06280438 -0.05900241]
[ 0.10701044  0.01622474 -0.21294667]
[ 0.10704904 -0.06041686  0.08027564]
[ 0.10742288  0.01621884 -0.21270015]
[ 0.10753523  0.01646258 -0.21274093]
[ 0.10998498 -0.05833363  0.07621442]
[ 0.11049915 -0.05931496  0.07917456]
[ 0.1132856   0.02902678 -0.2148124 ]
[ 0.11336388 -0.05994794  0.07768415]
[ 0.11430453 -0.05998088  0.07654416]
[ 0.11691068 -0.06007213  0.07338577]
[ 0.11746187  0.02096148 -0.20884919]
[ 0.12106655  0.01392207 -0.2036204 ]
[ 0.12215737 -0.05964865  0.02281608]
[ 0.12347973 -0.06149028  0.06428032]
[ 0.12407709 -0.0616212   0.06350694]
[ 0.12422983 -0.06164522  0.06304609]
[ 0.12462433  0.01047298 -0.19999883]
[ 0.12967016 -0.06250875  0.04685366]
[ 0.129896   -0.06251308  0.04530471]
[ 0.13058956 -0.06248722  0.03945789]
[ 0.13111768 -0.07227858 -0.04094687]
[ 0.13124067 -0.06524906  0.01810312]
[ 0.13178553 -0.06706652  0.00154918]
[ 0.1317863  -0.06667382  0.00556348]
[ 0.1317999  -0.06696212  0.00240403]
[ 0.13181485 -0.06796678 -0.00525473]
[ 0.13200154 -0.06362239  0.02048611]
[ 0.13285117 -0.07048293 -0.05204702]
[ 0.13401021 -0.05973558  0.02623699]
[ 0.13666985 -0.06727881 -0.07272755]
[ 0.13670212 -0.06724318 -0.07294523]
[ 0.13710469 -0.00479122 -0.17861738]
[ 0.13832858 -0.01828735 -0.14362402]
[ 0.13889082 -0.06466618 -0.08600256]
[ 0.14004589 -0.00839899 -0.17354966]
[ 0.14039954 -0.00901042 -0.17245333]
[ 0.14050671 -0.06141747 -0.10123272]
[ 0.14058686 -0.0096114  -0.17160898]
[ 0.14296809 -0.0564893  -0.10933851]
[ 0.14320402 -0.01721792 -0.16170593]
[ 0.14433583 -0.05147129 -0.11622176]
[ 0.14540367 -0.02306966 -0.15468032]
[ 0.14784641 -0.0418035  -0.13053685]
[ 0.14811859 -0.03906681 -0.1337206 ]
[ 0.14893421 -0.02413204 -0.14807046]
[ 0.15094827 -0.026296   -0.14292415]
[ 0.15120091 -0.02486879 -0.14432756]
[ 0.15125648 -0.02537445 -0.14362493]
[ 0.15134642 -0.02490219 -0.1439601 ]