[-0.08224067 -0.44385707  0.09288901]
[-0.08161109 -0.44300582  0.09207585]
[-0.08133179 -0.45093636  0.1014807 ]
[-0.08068892 -0.45593873  0.10755692]
[-0.08029186 -0.45736598  0.11101079]
[-0.07988805 -0.4521153   0.16995204]
[-0.07973744 -0.45772054  0.11208147]
[-0.07962862 -0.41849026  0.10936068]
[-0.07923421 -0.45277456  0.16871939]
[-0.07856253 -0.45341327  0.16738474]
[-0.0760993  -0.4605384   0.11914394]
[-0.07597564 -0.44703831  0.17863974]
[-0.07576182 -0.45573677  0.16121716]
[-0.07483619 -0.44540462  0.18088493]
[-0.07462609 -0.4316779   0.08476614]
[-0.07369206 -0.45747059  0.15668886]
[-0.07334793 -0.43561653  0.19279587]
[-0.07332179 -0.43353256  0.19473354]
[-0.07311448 -0.44097018  0.18691913]
[-0.07302376 -0.43017728  0.19708783]
[-0.0728811  -0.44256794  0.18467571]
[-0.0728069  -0.4287683   0.08282541]
[-0.07231375 -0.42825894  0.19834609]
[-0.07226773 -0.46108948  0.12640169]
[-0.07214231 -0.46127677  0.12774708]
[-0.07190927 -0.42717512  0.08201098]
[-0.07179321 -0.46167411  0.13173497]
[-0.07167046 -0.45880515  0.15162937]
[-0.07108602 -0.46101805  0.14267571]
[-0.07098646 -0.4609189   0.14422921]
[-0.07082406 -0.45935904  0.14950247]
[-0.0705514  -0.42388611  0.20005749]
[-0.06946437 -0.42259506  0.08001144]
[-0.06841105 -0.41883905  0.20117839]
[-0.06689603 -0.41940292  0.07901587]
[-0.06334241 -0.40742002  0.2018969 ]
[-0.06314925 -0.4069954   0.20188602]
[-0.0629077  -0.41346581  0.07895773]
[-0.06284831 -0.40636253  0.2017648 ]
[-0.06145864 -0.40344252  0.20119646]
[-0.06057445 -0.40992119  0.07903196]
[-0.05892181 -0.40641874  0.08059015]
[-0.05770495 -0.39571531  0.19966154]
[-0.05730542 -0.40038848  0.1788968 ]
[-0.05679264 -0.4024761   0.08173276]
[-0.05444504 -0.4018258   0.0838406 ]
[-0.0542554  -0.38893538  0.19704686]
[-0.05194764 -0.38620973  0.19555458]
[-0.05011417 -0.40085496  0.08886609]
[-0.0499931  -0.38396386  0.19413025]
[-0.04595405 -0.37981559  0.18992372]
[-0.04563498 -0.40012958  0.09544832]
[-0.04562198 -0.3794724   0.18958337]
[-0.0454566  -0.34316016  0.14223001]
[-0.04476313 -0.39995708  0.09657396]
[-0.04406118 -0.37817152  0.18807868]
[-0.04171902 -0.39119608  0.10214791]
[-0.04149448 -0.39011182  0.10296933]
[-0.04141459 -0.38884657  0.10408535]
[-0.04128029 -0.347185    0.15026556]
[-0.0412532  -0.34657417  0.14976595]
[-0.04124074 -0.34755368  0.150628  ]
[-0.04114125 -0.3480128   0.15113408]
[-0.04013902 -0.34658389  0.14260463]
[-0.04000259 -0.35990188  0.16267313]
[-0.03986984 -0.34699699  0.14109331]
[-0.03932438 -0.36283211  0.16595015]
[-0.03896996 -0.34857614  0.13477636]
[-0.03894753 -0.34819726  0.13728806]
[-0.03890721 -0.3754226   0.18007272]
[-0.03889669 -0.3789961   0.11113471]
[-0.03883161 -0.3488672   0.1334971 ]
[-0.03872467 -0.37453889  0.11433293]
[-0.03870947 -0.37806844  0.11169775]
[-0.03847631 -0.35267112  0.13042744]
[-0.03840338 -0.3751578   0.17928238]
[-0.03826299 -0.37514225  0.17894783]
[-0.0381109  -0.35552524  0.1280573 ]
[-0.03803714 -0.35595207  0.12768989]
[-0.03794667 -0.37514609  0.17811764]
[-0.03790442 -0.36806328  0.11859301]
[-0.03774659 -0.36399608  0.12151081]