[ 0.1685438   0.23849941 -0.25210345]
[ 0.17284669  0.25016826 -0.27606615]
[ 0.17706104  0.24006849 -0.29121385]
[ 0.17718378  0.10207011 -0.25996958]
[ 0.17945384  0.2321382  -0.29896551]
[ 0.17957647  0.23177232 -0.29937845]
[ 0.18326603  0.21871281 -0.31418503]
[ 0.18419071  0.21452641 -0.31735123]
[ 0.18431837  0.11562469 -0.27659902]
[ 0.18442515  0.194714   -0.30697277]
[ 0.18469612  0.21255141 -0.31926854]
[ 0.18481826  0.24547549 -0.27973163]
[ 0.18539338  0.1197087  -0.28169516]
[ 0.18660952  0.1521085  -0.3186533 ]
[ 0.18662482  0.15157229 -0.31803419]
[ 0.18667413  0.20216698 -0.32919989]
[ 0.1866979   0.20197079 -0.32927869]
[ 0.18681712  0.15698828 -0.32141329]
[ 0.18681821  0.15406539 -0.32088298]
[ 0.18685892  0.15509384 -0.32143745]
[ 0.18702434  0.12126699 -0.25381118]
[ 0.18724433  0.17282233 -0.32816333]
[ 0.18733103  0.12692363 -0.28975725]
[ 0.18823332  0.18929703 -0.33436878]
[ 0.18830261  0.18782327 -0.33493716]
[ 0.19633718  0.10732553 -0.26511078]
[ 0.19832916  0.11758026 -0.27796331]
[ 0.19845222  0.11844237 -0.27893751]
[ 0.20012763  0.23962242 -0.28467018]
[ 0.20559901  0.12628255 -0.28719312]
[ 0.20698054  0.23740233 -0.2875589 ]
[ 0.21547865  0.2361315  -0.28852809]
[ 0.21588801  0.13182456 -0.30353867]
[ 0.21728097  0.23027238 -0.28546957]
[ 0.21728337  0.23587499 -0.28871034]
[ 0.21790336  0.13291009 -0.30674033]
[ 0.22342721  0.13670368 -0.31685459]
[ 0.22604188  0.23372463 -0.28907109]
[ 0.22724016  0.1375775  -0.32546704]
[ 0.22744465  0.23304242 -0.28987969]
[ 0.23066317  0.17046104 -0.30319468]
[ 0.23137827  0.14361804 -0.33005412]
[ 0.2357123   0.13385752 -0.32633106]
[ 0.2406229   0.13113514 -0.32500446]
[ 0.2448083   0.22500404 -0.29981247]
[ 0.24811204  0.12543231 -0.32244329]
[ 0.25407666  0.2217222  -0.30286047]
[ 0.25598079  0.22076731 -0.30352453]
[ 0.25624976  0.12267058 -0.32085182]
[ 0.25792257  0.21953977 -0.30423595]
[ 0.26557641  0.12002343 -0.31920754]
[ 0.26847983  0.21454144 -0.30787781]
[ 0.27445188  0.21149013 -0.31117825]
[ 0.27848773  0.11685979 -0.32439788]
[ 0.27919025  0.11692987 -0.32463037]
[ 0.28308531  0.20515621 -0.31644128]
[ 0.28552683  0.20358842 -0.31680579]
[ 0.28552811  0.11794528 -0.32823593]
[ 0.28555331  0.20356551 -0.31681168]
[ 0.28560582  0.18827201 -0.32182326]
[ 0.2856299   0.20348976 -0.31683183]
[ 0.28641128  0.11787639 -0.32880853]
[ 0.28700688  0.11796574 -0.32914938]
[ 0.28931585  0.1384546  -0.32375276]
[ 0.29077662  0.19858471 -0.31812492]
[ 0.29331304  0.12135484 -0.33194353]
[ 0.29400759  0.12165327 -0.33227623]
[ 0.29459465  0.12188133 -0.33221644]
[ 0.29561562  0.12285466 -0.33183371]
[ 0.29563333  0.19395604 -0.31934514]
[ 0.29718448  0.19182622 -0.31994849]
[ 0.30010788  0.1876365  -0.32338945]
[ 0.30129663  0.12846518 -0.32961006]
[ 0.30202256  0.12918209 -0.32932592]
[ 0.30257488  0.12999333 -0.32898128]
[ 0.30264576  0.18402652 -0.32635568]
[ 0.30394847  0.18225876 -0.32673001]
[ 0.30751232  0.1381786  -0.32544932]
[ 0.30772988  0.13874118 -0.32519611]
[ 0.30784282  0.13907447 -0.32525006]
[ 0.30800341  0.1731798  -0.32796415]
[ 0.30892263  0.17103436 -0.3282456 ]
[ 0.31030264  0.14732227 -0.3265598 ]
[ 0.31032301  0.16346287 -0.32875734]
[ 0.31136351  0.15806208 -0.32810189]
[ 0.31136983  0.15764488 -0.32804562]
[ 0.31139842  0.15789749 -0.32808216]