[0.15380722 0.45082811 0.27796912]
[0.15554308 0.4523109  0.27866469]
[0.15600693 0.45330102 0.27357217]
[0.15930111 0.45565415 0.28025417]
[0.16261977 0.46095446 0.26015439]
[0.16386388 0.45952251 0.28206414]
[0.1693122  0.46832341 0.2500241 ]
[0.17016095 0.44189439 0.27013161]
[0.172257   0.46791024 0.27657233]
[0.17628184 0.47645183 0.23911909]
[0.17822616 0.47875837 0.23577964]
[0.17911649 0.47979201 0.23427048]
[0.18235733 0.48352407 0.22880403]
[0.18383038 0.47801196 0.27915426]
[0.18565063 0.48725361 0.22330491]
[0.18630548 0.48787763 0.22231573]
[0.19177685 0.49306674 0.21407287]
[0.19261264 0.48563684 0.28110348]
[0.19262459 0.49381828 0.21343523]
[0.19413701 0.49453453 0.2125782 ]
[0.19908022 0.49122615 0.28253255]
[0.20180949 0.49420846 0.27883687]
[0.20198649 0.49691953 0.20872881]
[0.20210734 0.49692701 0.20868268]
[0.20240977 0.4968774  0.20859794]
[0.20716444 0.49737679 0.27481977]
[0.20882685 0.49839562 0.2735302 ]
[0.21112791 0.49944163 0.2746378 ]
[0.21132713 0.49555528 0.20603609]
[0.21407377 0.49951905 0.27676555]
[0.2142682  0.49448882 0.20547438]
[0.21519039 0.49073189 0.28253185]
[0.2183143  0.49925396 0.28004023]
[0.21838186 0.49357734 0.20707136]
[0.2191586  0.4992373  0.28067191]
[0.22288131 0.47093436 0.21300837]
[0.22343526 0.49177387 0.20916554]
[0.22387714 0.49917348 0.27871137]
[0.22465489 0.49895174 0.27839342]
[0.22596692 0.49072461 0.21024289]
[0.23196688 0.48775086 0.21069398]
[0.2333518  0.49603218 0.27484899]
[0.23388704 0.49572638 0.27463397]
[0.24192429 0.48198885 0.21155886]
[0.24294641 0.49047018 0.26964387]
[0.24512816 0.48003077 0.21185178]
[0.2452545  0.48908417 0.26836542]
[0.25051712 0.48523264 0.26534571]
[0.25464121 0.37148578 0.27430232]
[0.25609664 0.4728788  0.21062126]
[0.25899636 0.47879812 0.2604456 ]
[0.26071075 0.46476518 0.25752553]
[0.26078886 0.46955668 0.21007996]
[0.26119301 0.47733371 0.26088242]
[0.26548062 0.47429435 0.26168925]
[0.26979305 0.47092152 0.26242084]
[0.27450515 0.4606372  0.21245344]
[0.27854893 0.45796371 0.21317107]
[0.27941322 0.4633572  0.26348447]
[0.27990046 0.45702621 0.21342884]
[0.28016531 0.34242598 0.3124799 ]
[0.28049757 0.46239442 0.26357213]
[0.28417889 0.45926832 0.26647578]
[0.28987718 0.44919679 0.21570221]
[0.2922555  0.4519613  0.27314337]
[0.29598913 0.44735494 0.27703946]
[0.29622189 0.34033501 0.31385477]
[0.29632502 0.34050723 0.31380935]
[0.29714188 0.41671069 0.29760054]
[0.2973195  0.44336367 0.21739507]
[0.29884794 0.34136014 0.30817022]
[0.29886976 0.34493683 0.31263591]
[0.29945438 0.34157427 0.3069552 ]
[0.29962166 0.4408784  0.28215158]
[0.29995707 0.34192285 0.30520853]
[0.30139335 0.34314518 0.29923944]
[0.30144101 0.3526522  0.31050351]
[0.30145487 0.44031567 0.21958686]
[0.30188226 0.43583692 0.2860027 ]
[0.30318371 0.43882782 0.2205716 ]
[0.30374785 0.34680943 0.29129087]
[0.30400133 0.36151888 0.30803414]
[0.30412187 0.41328109 0.2290329 ]
[0.3048205  0.3651021  0.30702596]
[0.30493699 0.3654976  0.30675965]
[0.30546544 0.42921192 0.28684064]
[0.30576719 0.43582105 0.22229417]
[0.30603311 0.35031198 0.28367354]
[0.30667565 0.35193934 0.2823144 ]
[0.30733757 0.35398692 0.28062467]
[0.30736688 0.37509503 0.30008041]
[0.30750641 0.42455148 0.28772195]
[0.30860368 0.41954146 0.28933674]
[0.30884658 0.43139317 0.22461781]
[0.30885837 0.38096666 0.29599678]
[0.30907458 0.38350116 0.29649896]
[0.30928918 0.40245627 0.29973435]
[0.30932147 0.41534248 0.29158172]
[0.30960468 0.40457099 0.29822115]
[0.30972291 0.41151853 0.29376873]
[0.30977441 0.39286778 0.29831803]
[0.30990379 0.36189165 0.27409996]
[0.31058045 0.4283811  0.22609241]
[0.31089921 0.36551189 0.27113677]
[0.31300849 0.37287203 0.2641697 ]
[0.31428884 0.42198544 0.2306928 ]
[0.31458835 0.42145122 0.23107173]
[0.31467261 0.42125694 0.23119669]
[0.31488524 0.42059128 0.23158525]
[0.3154161 0.4189084 0.2325641]
[0.31671409 0.38659027 0.25121845]
[0.31673912 0.41467639 0.23530165]
[0.31679338 0.38693344 0.25089651]
[0.3170016  0.38795283 0.25040661]
[0.31714127 0.38945114 0.24960175]
[0.31758103 0.40840479 0.23874392]
[0.31771175 0.40736478 0.23941863]
[0.31780901 0.40452857 0.2411265 ]