[-0.24942917 -0.43409368  0.13034323]
[-0.24938772 -0.423184    0.11403573]
[-0.24917804 -0.4332022   0.12809633]
[-0.24908119 -0.43072387  0.12488544]
[-0.24900783 -0.42095668  0.11167671]
[-0.24798788 -0.43471817  0.13673969]
[-0.24713819 -0.43574152  0.14271237]
[-0.24706821 -0.43563951  0.14424692]
[-0.24645514 -0.43499572  0.14774539]
[-0.24579706 -0.42108962  0.10509616]
[-0.2446432  -0.42112076  0.10243708]
[-0.24449972 -0.43307699  0.15354394]
[-0.24400125 -0.43258701  0.15505631]
[-0.24173494 -0.4322043   0.15992004]
[-0.23891849 -0.42144589  0.09226266]
[-0.23866699 -0.4214699   0.09198777]
[-0.23757197 -0.43083896  0.16543727]
[-0.23698385 -0.43066116  0.16629455]
[-0.23511271 -0.42485565  0.14199109]
[-0.23477112 -0.42006866  0.08695245]
[-0.23352582 -0.42983848  0.17113389]
[-0.22877981 -0.41815027  0.08197761]
[-0.22856636 -0.4180799   0.08177667]
[-0.22637279 -0.42743098  0.17759959]
[-0.22269408 -0.42613634  0.18064106]
[-0.2223385  -0.42607714  0.18088507]
[-0.22077369 -0.42035976  0.0763022 ]
[-0.21428198 -0.42467385  0.18585659]
[-0.21078418 -0.42226391  0.0733977 ]
[-0.20792944 -0.42355904  0.18970179]
[-0.20486715 -0.42302855  0.07149525]
[-0.20321455 -0.42695281  0.18954097]
[-0.20146616 -0.42821781  0.189495  ]
[-0.19940458 -0.4295628   0.18913317]
[-0.19051626 -0.42508166  0.0659799 ]
[-0.18847983 -0.43662041  0.18706934]
[-0.1879196  -0.43041831  0.06658682]
[-0.18542697 -0.41139806  0.12943183]
[-0.18499701 -0.43556916  0.06947657]
[-0.18493061 -0.44403166  0.18207932]
[-0.18330609 -0.44711147  0.1792679 ]
[-0.17993062 -0.44470169  0.07396157]
[-0.17789287 -0.44836631  0.07578753]
[-0.17755849 -0.45872459  0.17053095]
[-0.17741751 -0.44876117  0.07597761]
[-0.17711202 -0.46014559  0.16942016]
[-0.17672951 -0.46112289  0.16842906]
[-0.17561929 -0.46413042  0.16558049]
[-0.17506778 -0.45061267  0.07710208]
[-0.17351743 -0.46381754  0.15920158]
[-0.17232159 -0.46967396  0.16037279]
[-0.17105064 -0.47272806  0.15748502]
[-0.17064698 -0.47352427  0.15634129]
[-0.16914054 -0.45530355  0.07990099]
[-0.16765587 -0.47924494  0.14763285]
[-0.16645721 -0.48081238  0.14319782]
[-0.16558936 -0.48186028  0.13987342]
[-0.16451721 -0.48235939  0.13780626]
[-0.16362312 -0.4590069   0.08372986]
[-0.16350563 -0.459219    0.08390768]
[-0.1610863  -0.46377565  0.08753895]
[-0.15885229 -0.48131962  0.12791966]
[-0.15839212 -0.48128655  0.12710209]
[-0.15677922 -0.4803323   0.1244726 ]
[-0.15533987 -0.4720101   0.09895163]
[-0.15525369 -0.47089556  0.09773061]
[-0.15519798 -0.47029603  0.09710893]
[-0.15519624 -0.47280166  0.10058833]
[-0.15437188 -0.47596613  0.1080711 ]
[-0.1541416  -0.47685012  0.11016142]
[-0.15323688 -0.47778359  0.1148539 ]
[-0.15256023 -0.47791156  0.1175732 ]
[-0.14726148 -0.46026617  0.11302175]
[-0.08224067 -0.44385707  0.09288901]
[-0.08161109 -0.44300582  0.09207585]
[-0.08133179 -0.45093636  0.1014807 ]
[-0.08068892 -0.45593873  0.10755692]
[-0.08029186 -0.45736598  0.11101079]
[-0.07988805 -0.4521153   0.16995204]
[-0.07973744 -0.45772054  0.11208147]
[-0.07962862 -0.41849026  0.10936068]
[-0.07923421 -0.45277456  0.16871939]
[-0.07856253 -0.45341327  0.16738474]
[-0.0760993  -0.4605384   0.11914394]
[-0.07597564 -0.44703831  0.17863974]
[-0.07576182 -0.45573677  0.16121716]
[-0.07483619 -0.44540462  0.18088493]
[-0.07462609 -0.4316779   0.08476614]
[-0.07369206 -0.45747059  0.15668886]
[-0.07334793 -0.43561653  0.19279587]
[-0.07332179 -0.43353256  0.19473354]
[-0.07311448 -0.44097018  0.18691913]
[-0.07302376 -0.43017728  0.19708783]
[-0.0728811  -0.44256794  0.18467571]
[-0.0728069  -0.4287683   0.08282541]
[-0.07231375 -0.42825894  0.19834609]
[-0.07226773 -0.46108948  0.12640169]
[-0.07214231 -0.46127677  0.12774708]
[-0.07190927 -0.42717512  0.08201098]
[-0.07179321 -0.46167411  0.13173497]
[-0.07167046 -0.45880515  0.15162937]
[-0.07108602 -0.46101805  0.14267571]
[-0.07098646 -0.4609189   0.14422921]
[-0.07082406 -0.45935904  0.14950247]
[-0.0705514  -0.42388611  0.20005749]
[-0.06946437 -0.42259506  0.08001144]
[-0.06841105 -0.41883905  0.20117839]
[-0.06689603 -0.41940292  0.07901587]
[-0.06334241 -0.40742002  0.2018969 ]
[-0.06314925 -0.4069954   0.20188602]
[-0.0629077  -0.41346581  0.07895773]
[-0.06284831 -0.40636253  0.2017648 ]
[-0.06145864 -0.40344252  0.20119646]
[-0.06057445 -0.40992119  0.07903196]
[-0.05892181 -0.40641874  0.08059015]
[-0.05770495 -0.39571531  0.19966154]
[-0.05730542 -0.40038848  0.1788968 ]
[-0.05679264 -0.4024761   0.08173276]
[-0.05444504 -0.4018258   0.0838406 ]
[-0.0542554  -0.38893538  0.19704686]
[-0.05194764 -0.38620973  0.19555458]
[-0.05011417 -0.40085496  0.08886609]
[-0.0499931  -0.38396386  0.19413025]
[-0.04595405 -0.37981559  0.18992372]
[-0.04563498 -0.40012958  0.09544832]
[-0.04562198 -0.3794724   0.18958337]
[-0.0454566  -0.34316016  0.14223001]
[-0.04476313 -0.39995708  0.09657396]
[-0.04406118 -0.37817152  0.18807868]
[-0.04171902 -0.39119608  0.10214791]
[-0.04149448 -0.39011182  0.10296933]
[-0.04141459 -0.38884657  0.10408535]
[-0.04128029 -0.347185    0.15026556]
[-0.0412532  -0.34657417  0.14976595]
[-0.04124074 -0.34755368  0.150628  ]
[-0.04114125 -0.3480128   0.15113408]
[-0.04013902 -0.34658389  0.14260463]
[-0.04000259 -0.35990188  0.16267313]
[-0.03986984 -0.34699699  0.14109331]
[-0.03932438 -0.36283211  0.16595015]
[-0.03896996 -0.34857614  0.13477636]
[-0.03894753 -0.34819726  0.13728806]
[-0.03890721 -0.3754226   0.18007272]
[-0.03889669 -0.3789961   0.11113471]
[-0.03883161 -0.3488672   0.1334971 ]
[-0.03872467 -0.37453889  0.11433293]
[-0.03870947 -0.37806844  0.11169775]
[-0.03847631 -0.35267112  0.13042744]
[-0.03840338 -0.3751578   0.17928238]
[-0.03826299 -0.37514225  0.17894783]
[-0.0381109  -0.35552524  0.1280573 ]
[-0.03803714 -0.35595207  0.12768989]
[-0.03794667 -0.37514609  0.17811764]
[-0.03790442 -0.36806328  0.11859301]
[-0.03774659 -0.36399608  0.12151081]