[-0.23504117 -0.24347291  0.00945477]
[-0.23502464 -0.24363738  0.00940012]
[-0.23445384 -0.24670317  0.0079046 ]
[-0.23426906 -0.23804974  0.01175828]
[-0.23402347 -0.23171702  0.01595075]
[-0.23372816 -0.23394134  0.01348657]
[-0.23333427 -0.25556251  0.00316671]
[-0.2328289  -0.22194252  0.0258085 ]
[-0.231966   -0.21930086  0.0282623 ]
[-0.23071443 -0.21647738  0.03075673]
[-0.23055956 -0.21583676  0.03137298]
[-0.22979858 -0.26280812  0.00134987]
[-0.22736834 -0.20643573  0.03274743]
[-0.22734284 -0.20298776  0.04281019]
[-0.22657254 -0.26994314 -0.00064008]
[-0.22628945 -0.27038471 -0.00069769]
[-0.22554149 -0.20083407  0.04989423]
[-0.22472424 -0.19989606  0.05327664]
[-0.22226641 -0.19582488  0.06733606]
[-0.22218851 -0.27739035 -0.00129658]
[-0.22185927 -0.1948019   0.07074886]
[-0.22146519 -0.27846585 -0.00132077]
[-0.21956762 -0.19206964  0.08055056]
[-0.21873992 -0.19190667  0.08562878]
[-0.21801556 -0.19175261  0.09039353]
[-0.21554927 -0.19164216  0.09501001]
[-0.21388462 -0.19153388  0.09907136]
[-0.21372188 -0.28687282 -0.00311768]
[-0.21342318 -0.27681943  0.00532875]
[-0.21267576 -0.28776531 -0.00316079]
[-0.21193054 -0.20945177  0.03086003]
[-0.21110953 -0.18960627  0.1041488 ]
[-0.20790076 -0.18852415  0.10665967]
[-0.20012152 -0.07310521 -0.32596402]
[-0.20011841 -0.07437715 -0.32606479]
[-0.20009967 -0.07377638 -0.32594548]
[-0.19992828 -0.07007436 -0.32609817]
[-0.19965763 -0.06619326 -0.32627396]
[-0.19954017 -0.18614576  0.11190932]
[-0.1991177  -0.08070005 -0.32754229]
[-0.19854927 -0.06331003 -0.32656135]
[-0.19788899 -0.18587732  0.11235634]
[-0.1967822  -0.08614622 -0.32908781]
[-0.19621235 -0.08762957 -0.32949649]
[-0.19620045 -0.19211323  0.09373732]
[-0.19609611 -0.08779573 -0.32955197]
[-0.1960885  -0.29462725 -0.00847841]
[-0.19558644 -0.05587827 -0.32732044]
[-0.19549265 -0.08848958 -0.32947519]
[-0.19443556 -0.0542444  -0.32757365]
[-0.19226891 -0.18746457  0.11496741]
[-0.19185895 -0.0925319  -0.32902871]
[-0.19104938 -0.04886525 -0.33060868]
[-0.19057773 -0.04828893 -0.33097436]
[-0.1899334  -0.04786725 -0.33135327]
[-0.18638875 -0.18910394  0.11777118]
[-0.18590377 -0.09983827 -0.32821754]
[-0.18588131 -0.09986603 -0.32821582]
[-0.18462191 -0.10185423 -0.3280786 ]
[-0.18354738 -0.04380682 -0.33506952]
[-0.18214357 -0.19071604  0.11835146]
[-0.18100288 -0.10522601 -0.32790592]
[-0.17997074 -0.19149806  0.11879371]
[-0.17582787 -0.04134778 -0.3387536 ]
[-0.17428625 -0.0407951  -0.33886361]
[-0.17289406 -0.04036529 -0.33894698]
[-0.17244027 -0.30649112 -0.01767364]
[-0.17175625 -0.04021005 -0.33896992]
[-0.17058798 -0.19738706  0.12175833]
[-0.16949091 -0.30577519 -0.02027449]
[-0.16910398 -0.11856315 -0.32712509]
[-0.16785715 -0.07209787 -0.33157349]
[-0.16562985 -0.20071774  0.1229213 ]
[-0.16558675 -0.11903346 -0.32722291]
[-0.16539724 -0.25057555  0.04520797]
[-0.16536462 -0.30528137 -0.02249527]
[-0.16321178 -0.11933044 -0.3274154 ]
[-0.16044099 -0.30830149 -0.02204127]
[-0.15986039 -0.03889673 -0.33913832]
[-0.15977209 -0.30721647 -0.01823274]
[-0.15768243 -0.30999357 -0.02178691]
[-0.15681969 -0.31023267 -0.02195683]
[-0.15427207 -0.03919709 -0.33900592]
[-0.15371713 -0.03920577 -0.33899765]
[-0.15266601 -0.20921035  0.12636062]
[-0.15183981 -0.20976992  0.126546  ]
[-0.15073005 -0.11353583 -0.32914202]
[-0.14760498 -0.21331446  0.12779674]
[-0.14721039 -0.2136461   0.12791389]
[-0.14522781 -0.1103673  -0.32996285]
[-0.14476894 -0.21800489  0.12177484]
[-0.14415846 -0.03914341 -0.33807324]
[-0.14371709 -0.21644808  0.12934986]
[-0.14212652 -0.10894824 -0.33384034]
[-0.14134149 -0.22265657  0.13272181]
[-0.1392767  -0.10764425 -0.33740341]
[-0.13872997 -0.10675396 -0.33848065]
[-0.13842464 -0.10585397 -0.33932999]
[-0.13653783 -0.0406227  -0.33692643]
[-0.13592669 -0.10397889 -0.34290335]
[-0.13390757 -0.09833554 -0.34263494]
[-0.13266731 -0.31695545 -0.02675516]
[-0.13239589 -0.23255163  0.13791308]
[-0.12987827 -0.3189233  -0.02628282]
[-0.12884718 -0.2364925   0.14013394]
[-0.12786444 -0.2375723   0.14062892]
[-0.12682952 -0.04331967 -0.33524768]
[-0.12547301 -0.04391787 -0.33564606]
[-0.12425889 -0.08629584 -0.34327177]
[-0.12155223 -0.0827848  -0.34343323]
[-0.12013975 -0.08101699 -0.34342088]
[-0.11711778 -0.29019214  0.07859083]
[-0.11700418 -0.05250584 -0.33900036]
[-0.11620193 -0.25053552  0.14805145]
[-0.11474483 -0.25215555  0.14898326]
[-0.11453588 -0.25238581  0.14909554]
[-0.11351964 -0.25350178  0.14960056]
[-0.11351238 -0.32829217 -0.02232037]
[-0.11217876 -0.05926943 -0.34124577]
[-0.11014773 -0.33028051 -0.02153974]
[-0.1079328  -0.06522502 -0.3432223 ]
[-0.10729733 -0.30673565 -0.00708652]
[-0.10555914 -0.33016172 -0.02327898]
[-0.10530528 -0.2616629   0.15322454]
[-0.10512202  0.10233432 -0.14492936]
[-0.10510713  0.09721223  0.0106691 ]
[-0.10506386  0.102967   -0.14242645]
[-0.10451766  0.09730381  0.02091496]
[-0.10399441  0.09268545 -0.17271895]
[-0.1039616   0.09748058  0.03257407]
[-0.10370211  0.0978898   0.03395305]
[-0.10368195  0.10757503 -0.13724989]
[-0.10365327  0.09945489 -0.15689809]
[-0.10358696  0.10788062 -0.13695216]
[-0.10353962  0.09861936 -0.15875318]
[-0.10351957  0.08756255 -0.1842322 ]
[-0.1028965   0.11095766 -0.1145358 ]
[-0.10229894  0.10438679 -0.00129268]
[-0.10228587  0.09937146  0.0393181 ]
[-0.10225676  0.08463136 -0.1901985 ]
[-0.10208918  0.11339657 -0.1087182 ]
[-0.10194618  0.1056655  -0.00619966]
[-0.10164489 -0.26546104  0.1442503 ]
[-0.10124406  0.11436645 -0.13048697]
[-0.10045937  0.10108024  0.04565633]
[-0.10026658  0.11746607 -0.09928181]
[-0.09996343 -0.26361311  0.15379136]
[-0.09982892  0.08173507 -0.19893267]
[-0.09974257  0.11287867 -0.04014332]
[-0.09963205  0.11296676 -0.03766529]
[-0.09952004  0.11303424 -0.03559492]
[-0.09840661  0.07949091 -0.20623685]
[-0.09827694  0.11629408 -0.04576545]
[-0.09783418  0.12152218 -0.09022699]
[-0.0974107   0.11220718 -0.03906551]
[-0.09721796  0.11903986 -0.05028405]
[-0.09690894  0.07799096 -0.21047913]
[-0.09643901  0.0777054  -0.21163823]
[-0.09523354 -0.32845445 -0.02623977]
[-0.09503973  0.10653119  0.0655575 ]
[-0.09453258  0.10655643  0.06911079]
[-0.09265814  0.13046652 -0.07015286]
[-0.0925986   0.13049535 -0.06913794]
[-0.09240243  0.1309747  -0.06986305]
[-0.09222378  0.10661641  0.07630692]
[-0.09201484  0.13080393 -0.06965064]
[-0.09154094 -0.32984    -0.02480458]
[-0.09125733 -0.26705593  0.15370965]
[-0.09109015  0.10663787  0.07853201]
[-0.09100784  0.10667659 -0.13232177]
[-0.09047021 -0.26725757  0.15365791]
[-0.08964499 -0.33058117 -0.02410898]
[-0.08830414 -0.33092618 -0.02336857]
[-0.08766748  0.07344614 -0.22579741]
[-0.08758952  0.07337055 -0.22595207]
[-0.0874193   0.10568661  0.08660671]
[-0.08727242  0.07307794 -0.22653015]
[-0.08694784  0.10437819  0.08865439]
[-0.08602213  0.10289152  0.09062285]
[-0.08595166  0.08511449  0.01108373]
[-0.08019996 -0.27005583  0.15139147]
[-0.07997745  0.10671051  0.07783142]
[-0.07979875  0.09600802  0.09795816]
[-0.0790748  -0.33353841 -0.0186015 ]
[-0.07864538  0.09465544  0.09946332]
[-0.07832586  0.09437655  0.09969865]
[-0.07763933 -0.27075798  0.15078378]
[-0.07719859  0.0934848   0.10035411]
[-0.07681002 -0.33379656 -0.01690076]
[-0.07524146  0.06461983 -0.23938325]
[-0.07429632 -0.27179167  0.15002474]
[-0.0738333   0.09070291  0.10253785]
[-0.07343803 -0.33421687 -0.01441843]
[-0.07338872  0.06347425 -0.24082357]
[-0.07134197  0.06232142 -0.24202763]
[-0.0708768  -0.33445407 -0.01269438]
[-0.07034805  0.08610699  0.10507623]
[-0.06839555  0.06455051 -0.24213048]
[-0.06817371 -0.27384922  0.14770787]
[-0.06687248 -0.33347842 -0.00833286]
[-0.064266    0.07880397  0.10767034]
[-0.06366343 -0.33259528 -0.00471225]
[-0.05856153 -0.3293041   0.00337897]
[-0.05839167 -0.32921512  0.00377424]
[-0.05826586 -0.32914459  0.0040769 ]
[-0.05822772 -0.32910635  0.00420473]
[-0.05761169  0.07082314  0.1104847 ]
[-0.05750428  0.07312741 -0.24563673]
[-0.05733304 -0.27739127  0.14417516]
[-0.056243    0.06931025  0.1107343 ]
[-0.05513631  0.07096206 -0.24694604]
[-0.05513388  0.06950699 -0.19552953]
[-0.05240083 -0.32567752  0.01856959]
[-0.05121637  0.06581919  0.11173018]
[-0.05084567 -0.31606818  0.04101126]
[-0.05081307 -0.32389578  0.02429755]
[-0.04855847 -0.32228288  0.03046826]
[-0.04825763 -0.32211057  0.03119981]
[-0.04805299 -0.2806846   0.13967861]
[-0.04401431  0.06080657 -0.25362154]
[-0.04382567 -0.31765434  0.03673971]
[-0.0436649  -0.28223696  0.13757999]
[-0.0428173   0.0597166  -0.25444709]
[-0.04277523  0.06113655  0.09601095]
[-0.04189911 -0.31729232  0.04344909]
[-0.04167239  0.05865211 -0.25445904]
[-0.04122438  0.05884408  0.11423358]
[-0.03997155 -0.28540812  0.13597053]
[-0.03920843  0.05634059 -0.25375506]
[-0.03794558 -0.31403081  0.05033985]
[-0.03733838  0.09112622 -0.07195456]
[-0.03727234  0.05612473  0.11464221]
[-0.03670677 -0.28911969  0.10932797]
[-0.03512122 -0.28961934  0.13256133]
[-0.03401631 -0.3112131   0.05834553]
[-0.0335802  -0.31090295  0.05922801]
[-0.03348843 -0.31085133  0.05938164]
[-0.03340358 -0.31079151  0.0595521 ]
[-0.03247373  0.0502656   0.11498243]
[-0.03123045 -0.30898578  0.06456115]
[-0.03116615  0.0488366  -0.25289874]
[-0.03064599 -0.29350607  0.12938316]
[-0.03041002 -0.29362189  0.12921969]
[-0.02724635  0.04389911  0.11552586]
[-0.02536644 -0.29596168  0.12338973]
[-0.02504103 -0.29611095  0.1229846 ]
[-0.02466674  0.03723811  0.11557943]
[-0.02383195 -0.3028759   0.08152578]
[-0.02355183 -0.30248681  0.0825389 ]
[-0.02231385  0.03137663  0.11486892]
[-0.02213793 -0.30033617  0.08809144]
[-0.0216566  -0.29748115  0.11563765]
[-0.02132949 -0.29751962  0.11331273]
[-0.0189945  -0.29551115  0.10370235]
[-0.01886303 -0.29543875  0.10328781]
[-0.01863285  0.02225599  0.11358206]
[-0.0185809  -0.29488496  0.10115883]
[-0.01837256 -0.29445733  0.09952857]
[-0.01565203  0.01475391  0.11295255]
[-0.01497089  0.02470315  0.07144022]
[-0.01349454 -0.21527601 -0.30689656]
[-0.01302711 -0.21397806 -0.30701979]
[-0.01246131 -0.21568644 -0.30714326]
[-0.01043284 -0.21686251 -0.30762468]
[-0.00922254 -0.20355668 -0.30802163]
[-0.0085701   0.00849149  0.11259585]
[-0.00690073 -0.19868086 -0.3086214 ]
[-0.00647052 -0.19767275 -0.30873335]
[-0.00526787 -0.2203385  -0.30884673]
[-0.00491821  0.02937121 -0.25073842]
[-0.00464355 -0.22075973 -0.30899948]
[-0.00287939 -0.19392218 -0.3139608 ]
[-0.00197158 -0.19191278 -0.31617675]
[-0.00146915 -0.19037428 -0.31776254]
[-0.00043483  0.00150218  0.11138194]
[ 0.00113581 -0.18396905 -0.32465998]
[ 0.00154211  0.02401762 -0.25013567]
[ 0.00370208 -0.17857773 -0.32594555]
[ 0.00589611 -0.00621566  0.11008676]
[ 0.0076199  -0.22805694 -0.31199851]
[ 0.00820993 -0.22843701 -0.31214284]
[ 0.00835485 -0.16867733 -0.32830632]
[ 0.00840163 -0.22851813 -0.31218968]
[ 0.00964337 -0.16594944 -0.32886902]
[ 0.01160985 -0.23026494 -0.31297403]
[ 0.01177606 -0.01338465  0.10889113]
[ 0.01317625 -0.23113584 -0.31335701]
[ 0.01327674 -0.23115367 -0.31328355]
[ 0.01449525  0.01742836 -0.00406646]
[ 0.01535226 -0.01771001  0.1078911 ]
[ 0.01563808  0.01284855 -0.24526339]
[ 0.01842965  0.01064792 -0.24422001]
[ 0.0202752  -0.15662239 -0.33082058]
[ 0.02101058  0.01132163 -0.2244428 ]
[ 0.0215614  -0.15524898 -0.33110671]
[ 0.02198352 -0.154816   -0.33126524]
[ 0.02340881 -0.0025216  -0.24035795]
[ 0.02361319 -0.23458789 -0.3044042 ]
[ 0.02381085 -0.00368413 -0.24028107]
[ 0.02602693 -0.23557655 -0.30330157]
[ 0.03147494 -0.21282983 -0.31779266]
[ 0.03226674 -0.14499798 -0.33491001]
[ 0.03249309 -0.14422152 -0.33515692]
[ 0.03335144 -0.02770493  0.10488424]
[ 0.03439163 -0.23605944 -0.30148124]
[ 0.03483085 -0.14594835 -0.33480794]
[ 0.03586334 -0.16537053 -0.32910344]
[ 0.03592187 -0.14736487 -0.33446344]
[ 0.03872257 -0.23653215 -0.30038737]
[ 0.03956164 -0.03124066  0.10398838]
[ 0.04182208 -0.03502746  0.10331081]
[ 0.04240709 -0.00780877 -0.2371738 ]
[ 0.04356063 -0.15628388 -0.32986789]
[ 0.04417408 -0.00936628 -0.23686802]
[ 0.04577505 -0.15882026 -0.32855035]
[ 0.04621959 -0.15939479 -0.32842814]
[ 0.04629579 -0.00018191 -0.11494954]
[ 0.04723587 -0.23598169 -0.29924298]
[ 0.04848651 -0.23577479 -0.29875172]
[ 0.05208435 -0.16712797 -0.32679867]
[ 0.05216047 -0.2355686  -0.29711588]
[ 0.05243357 -0.16756312 -0.32665013]
[ 0.05447491 -0.23498828 -0.29630147]
[ 0.05493484 -0.05285031  0.09692251]
[ 0.05818342 -0.17544244 -0.32402655]
[ 0.05881007 -0.02214825 -0.22711542]
[ 0.06093276 -0.23096834 -0.29518087]
[ 0.06264859 -0.18200182 -0.32187947]
[ 0.06306161 -0.18260516 -0.3216745 ]
[ 0.06538387 -0.06007645  0.0933725 ]
[ 0.06593763 -0.22832778 -0.29408455]
[ 0.06654429 -0.02672109 -0.22224302]
[ 0.0673799  -0.06154442  0.09276595]
[ 0.06853227 -0.06215369  0.09222108]
[ 0.0692497  -0.02733286 -0.22066602]
[ 0.06976304 -0.19880884 -0.31670615]
[ 0.07029966 -0.22153214 -0.29528527]
[ 0.07141704 -0.0242908   0.05866906]
[ 0.07213754 -0.20438318 -0.31498852]
[ 0.07222352 -0.2057989  -0.31461546]
[ 0.07227552 -0.20606098 -0.31406792]
[ 0.07278469 -0.21062197 -0.30470696]
[ 0.07326034 -0.21706434 -0.29603083]
[ 0.07346832 -0.2141581  -0.29732697]
[ 0.07350261 -0.21587326 -0.2964879 ]
[ 0.07664057 -0.06641005  0.08836227]
[ 0.08041829 -0.02999403 -0.21527202]
[ 0.08087241 -0.02771518 -0.19540878]
[ 0.0853779  -0.03363206 -0.21233676]
[ 0.08943953 -0.06521534  0.08508706]
[ 0.09105707 -0.03752165 -0.20690311]
[ 0.09241946 -0.03801137 -0.20571428]
[ 0.09749929 -0.06324479  0.08345809]
[ 0.10170099 -0.04100984 -0.19649466]
[ 0.10455061 -0.06115204  0.08109637]
[ 0.10662219 -0.06280438 -0.05900241]
[ 0.10704904 -0.06041686  0.08027564]
[ 0.10998498 -0.05833363  0.07621442]
[ 0.11049915 -0.05931496  0.07917456]
[ 0.11198653 -0.03655493 -0.18901599]
[ 0.11336388 -0.05994794  0.07768415]
[ 0.11430453 -0.05998088  0.07654416]
[ 0.11652133 -0.03600004 -0.18522258]
[ 0.11691068 -0.06007213  0.07338577]
[ 0.12215737 -0.05964865  0.02281608]
[ 0.12347973 -0.06149028  0.06428032]
[ 0.12355855 -0.0349663  -0.1790678 ]
[ 0.12407709 -0.0616212   0.06350694]
[ 0.12422983 -0.06164522  0.06304609]
[ 0.12967016 -0.06250875  0.04685366]
[ 0.129896   -0.06251308  0.04530471]
[ 0.13058956 -0.06248722  0.03945789]
[ 0.13111768 -0.07227858 -0.04094687]
[ 0.13124067 -0.06524906  0.01810312]
[ 0.13178553 -0.06706652  0.00154918]
[ 0.1317863  -0.06667382  0.00556348]
[ 0.1317999  -0.06696212  0.00240403]
[ 0.13181485 -0.06796678 -0.00525473]
[ 0.13200154 -0.06362239  0.02048611]
[ 0.13285117 -0.07048293 -0.05204702]
[ 0.13401021 -0.05973558  0.02623699]
[ 0.13666985 -0.06727881 -0.07272755]
[ 0.13670212 -0.06724318 -0.07294523]
[ 0.13832858 -0.01828735 -0.14362402]
[ 0.13842915 -0.03044336 -0.16243138]
[ 0.13883917 -0.03023821 -0.16184779]
[ 0.13889082 -0.06466618 -0.08600256]
[ 0.14050671 -0.06141747 -0.10123272]
[ 0.14296809 -0.0564893  -0.10933851]
[ 0.14433583 -0.05147129 -0.11622176]
[ 0.14540367 -0.02306966 -0.15468032]
[ 0.14784641 -0.0418035  -0.13053685]
[ 0.14811859 -0.03906681 -0.1337206 ]
[ 0.14893421 -0.02413204 -0.14807046]
[ 0.15094827 -0.026296   -0.14292415]
[ 0.15120091 -0.02486879 -0.14432756]
[ 0.15125648 -0.02537445 -0.14362493]
[ 0.15134642 -0.02490219 -0.1439601 ]