[-0.18940377 -0.09010875  0.0582268 ]
[-0.18924892 -0.08887045  0.05431895]
[-0.18917891 -0.0886547   0.0535442 ]
[-0.18853102 -0.09025241  0.06917041]
[-0.18847547 -0.09041971  0.07059904]
[-0.1884006  -0.08689357  0.04676903]
[-0.18827034 -0.09101563  0.07562534]
[-0.18756131 -0.08500092  0.03843707]
[-0.18749113 -0.09180299  0.07791441]
[-0.18684618 -0.08311051  0.030431  ]
[-0.18621575 -0.08151521  0.02630354]
[-0.18538645 -0.09414414  0.08653856]
[-0.18417688 -0.09520097  0.08820956]
[-0.18066913 -0.09469312  0.05239061]
[-0.17937115 -0.06696406 -0.01215879]
[-0.1785598  -0.09475281  0.09338352]
[-0.17852959 -0.09475039  0.09341056]
[-0.17850554 -0.09474841  0.09342222]
[-0.17847971 -0.09474626  0.09343052]
[-0.1781941  -0.06439634 -0.018923  ]
[-0.17481524 -0.05677746 -0.03340243]
[-0.17005229 -0.09405021  0.09714008]
[-0.16877696 -0.04240742 -0.0442555 ]
[-0.16704595 -0.06445425 -0.02709108]
[-0.16636523 -0.03638316 -0.04292022]
[-0.16495183 -0.09588196  0.09983313]
[-0.16482595 -0.03274453 -0.04211644]
[-0.16405297 -0.03101232 -0.04434025]
[-0.16176211 -0.02584795 -0.05095901]
[-0.16097187 -0.02404864 -0.05271733]
[-0.1555491  -0.09951148  0.10257789]
[-0.15262538 -0.04113203 -0.04448959]
[-0.15117233 -0.00099558 -0.07507164]
[-0.1478388   0.00681453 -0.08029325]
[-0.14734776  0.0078906  -0.0810331 ]
[-0.14309618  0.01741559 -0.08189636]
[-0.1416767  -0.10507108  0.10482874]
[-0.14110172  0.00215588 -0.08279157]
[-0.1400437   0.02433739 -0.0802994 ]
[-0.13718365  0.03048226 -0.07883649]
[-0.13644018 -0.10718958  0.10550377]
[-0.13378259  0.03938167 -0.07694082]
[-0.13200086 -0.10902195  0.10575638]
[-0.13021515 -0.10974734  0.10596056]
[-0.12581787 -0.11049874  0.10637709]
[-0.1252041   0.05891585 -0.07244484]
[-0.12503376 -0.112106    0.10432269]
[-0.1244379  -0.11333548  0.10672456]
[-0.1203483  -0.11313342  0.10703687]
[-0.11974373  0.07128329 -0.0670666 ]
[-0.11640956  0.07892165 -0.06706493]
[-0.11495616  0.08236145 -0.06706993]
[-0.11284965  0.0873566  -0.06735547]
[-0.11164292 -0.11654503  0.10802183]
[-0.10766713 -0.08906602  0.0419508 ]
[-0.10273989  0.0675501  -0.06483818]
[-0.10150643  0.11179538 -0.06867471]
[-0.09286029  0.12999491 -0.06964222]
[-0.0925986   0.13049535 -0.06913794]
[-0.09238121  0.1309843  -0.06949423]
[-0.09224317  0.13126683 -0.06942466]
[-0.09207487  0.13158091 -0.06901826]
[-0.09201484  0.13080393 -0.06965064]
[-0.089475    0.13644379 -0.06285456]
[-0.08603539 -0.12770061  0.10789456]
[-0.0772104   0.15475083 -0.03781421]
[-0.07682642 -0.13143727  0.10859166]
[-0.07602972  0.15682829 -0.03512914]
[-0.07488681 -0.13227104  0.10861227]
[-0.07239565  0.16326851 -0.02956779]
[-0.06779225  0.15508147 -0.03054444]
[-0.06751675  0.17202268 -0.02845106]
[-0.06447878  0.17777592 -0.02771839]
[-0.06436333  0.17799348 -0.02771635]
[-0.06132856  0.18247984 -0.02787007]
[-0.05701899 -0.05793924 -0.06378165]
[-0.05531808 -0.13926381  0.10869265]
[-0.05454292 -0.14968157  0.08542852]
[-0.05304119 -0.14008237  0.10869072]
[-0.04969172  0.2003337  -0.02835   ]
[-0.0421736  -0.14985723  0.10924011]
[-0.04146702  0.21368385 -0.02856617]
[-0.04007968 -0.1519212   0.10896356]
[-0.03976068  0.2170735  -0.03122736]
[-0.03733838  0.09112622 -0.07195456]
[-0.03577575 -0.15610376  0.10852176]
[-0.03573508 -0.15614097  0.10852249]
[-0.03560816 -0.15614545  0.10849805]
[-0.03412054  0.2278913  -0.03981663]
[-0.03354708  0.22867881 -0.03931515]
[-0.02124786  0.24381379 -0.02942144]
[-0.01983125  0.24534145 -0.02838775]
[-0.00764514  0.26067733 -0.03014045]
[-0.00680754  0.26181609 -0.03024685]
[-0.00484899  0.264438   -0.03050242]
[ 0.00275894  0.27593307 -0.03127735]
[ 0.00304351 -0.14470119  0.03478646]
[ 0.00655141  0.2816233  -0.03119901]
[ 0.00659714  0.20032706 -0.04520141]
[ 0.01080956 -0.15818957  0.10142059]
[ 0.01127974 -0.15807693  0.10134174]
[ 0.01245496  0.29133917 -0.03082969]
[ 0.01441186  0.29542214 -0.03937604]
[ 0.01469044  0.29707558 -0.04234194]
[ 0.0149719   0.29763386 -0.04253092]
[ 0.02115662 -0.1558791   0.09907645]
[ 0.02191317  0.31040342 -0.04681363]
[ 0.02394324  0.31511359 -0.05080479]
[ 0.02414811 -0.15530615  0.09805492]
[ 0.02422459 -0.15708279  0.09154884]
[ 0.02641047  0.28733009 -0.03773264]
[ 0.02667859  0.32117286 -0.05602886]
[ 0.03043646 -0.16291319  0.09595016]
[ 0.03072531 -0.163085    0.09585263]
[ 0.03180055  0.33228041 -0.06568341]
[ 0.03413885  0.3373138  -0.07007091]
[ 0.03510356  0.33953312 -0.07233452]
[ 0.03811566 -0.16753052  0.09350855]
[ 0.03875364  0.34515336 -0.07895003]
[ 0.04267388  0.35114476 -0.08566929]
[ 0.04403436 -0.17093905  0.09116948]
[ 0.04467957  0.35408629 -0.08804148]
[ 0.04486067  0.33688722 -0.0776159 ]
[ 0.04506199  0.35464094 -0.08849   ]
[ 0.04507986  0.35466047 -0.08850707]
[ 0.04510248  0.35468498 -0.08852854]
[ 0.04629579 -0.00018191 -0.11494954]
[ 0.04653511 -0.17289198  0.0901868 ]
[ 0.04999636 -0.17579563  0.08790619]
[ 0.0503656  -0.18134053  0.05324951]
[ 0.05079284 -0.17660759  0.08672167]
[ 0.05151536  0.36270132 -0.09526722]
[ 0.0516293  -0.18133807  0.06558236]
[ 0.05181673 -0.18122085  0.06882186]
[ 0.05220967 -0.18078291  0.0720847 ]
[ 0.052574   -0.17863748  0.08309035]
[ 0.05297542 -0.17979177  0.07907493]
[ 0.05304045 -0.18000931  0.07828428]
[ 0.05412652 -0.17461232  0.04550063]
[ 0.05416614  0.36454561 -0.09715756]
[ 0.05557236  0.36564449 -0.09823378]
[ 0.05825782 -0.16863419  0.03833918]
[ 0.05995788  0.37081581 -0.0982159 ]
[ 0.06237239  0.37277661 -0.09821323]
[ 0.06264263 -0.16215955  0.02859506]
[ 0.06381652 -0.16050574  0.02608163]
[ 0.0650215  -0.15913844  0.02389706]
[ 0.06661625  0.37590037 -0.09821117]
[ 0.06800006 -0.14752179  0.00863652]
[ 0.06943646 -0.15380789  0.01550886]
[ 0.07097929 -0.15214248  0.01041263]
[ 0.07402954 -0.10202695 -0.00656094]
[ 0.07534767 -0.14697453  0.00094633]
[ 0.07548433 -0.14681824  0.00065562]
[ 0.07580046  0.37975299 -0.09823025]
[ 0.07651988  0.38007486 -0.09823158]
[0.07674583 0.38297792 0.04091021]
[ 0.0769142   0.38021471 -0.09823261]
[0.07735316 0.38426023 0.0469355 ]
[0.07784321 0.38484483 0.03907683]
[ 0.07924609  0.38043214 -0.09824362]
[0.08022105 0.39035374 0.03406635]
[0.08033854 0.38810989 0.06809747]
[0.0807639  0.38870534 0.07009758]
[0.08113013 0.38906438 0.07153953]
[0.08482353 0.38822737 0.10413434]
[0.08488531 0.40096745 0.02437441]
[0.08529268 0.38890114 0.10095909]
[0.08553822 0.39072897 0.09453453]
[0.08589873 0.40334942 0.02221479]
[0.08593101 0.39247121 0.08807243]
[ 0.0873243   0.38122743 -0.09828141]
[ 0.08777306 -0.13170143 -0.01517323]
[0.08909012 0.41154335 0.01175406]
[0.08929134 0.39302816 0.11135747]
[0.0893323  0.41199882 0.01115528]
[0.08952037 0.41235261 0.01068972]
[0.0909863  0.39412767 0.13083275]
[ 0.09104657 -0.12814395 -0.01929815]
[0.09128319 0.39425918 0.13381386]
[0.09133857 0.39436462 0.13493972]
[0.09140981 0.39496699 0.13967484]
[0.09175619 0.39794029 0.17311407]
[0.09177305 0.397918   0.17188612]
[0.09214414 0.39758897 0.16322233]
[ 0.0924888   0.38118875 -0.09926569]
[0.09351681 0.41893238 0.00189815]
[ 9.51989555e-02  4.20278251e-01 -1.31175411e-04]
[ 0.09559895  0.42054998 -0.00055702]
[0.0956982  0.40202854 0.18122448]
[ 0.09677852  0.38056429 -0.10002881]
[0.09710572 0.3830005  0.09483081]
[0.09889765 0.39312458 0.17853021]
[ 0.09894453  0.08956833 -0.01703496]
[ 0.09914733  0.42317993 -0.00278639]
[ 0.09958666 -0.11699032 -0.02062566]
[0.10068826 0.40696425 0.18388966]
[0.10254013 0.40867473 0.18483451]
[ 0.10273469  0.42496247 -0.0043253 ]
[ 0.10407499 -0.11043905 -0.02117944]
[ 0.10442325  0.42547033 -0.00477947]
[ 0.10662219 -0.06280438 -0.05900241]
[0.1074229  0.41250466 0.00572803]
[ 0.10797988  0.42532056 -0.01015403]
[ 0.10890937  0.34112522 -0.09872449]
[ 0.10894057  0.42532913 -0.01166319]
[0.1098762  0.41543952 0.18749971]
[ 0.11109509  0.4247436  -0.01433933]
[ 0.11278613  0.42424488 -0.01639395]
[ 0.11546476  0.3759926  -0.10318282]
[ 0.11638472 -0.09553824 -0.04105163]
[ 0.11655456 -0.09528566 -0.04104464]
[ 0.11669913  0.28276731 -0.00752103]
[ 0.11727826  0.42343453 -0.02031253]
[ 0.11982225  0.37525653 -0.10339044]
[ 0.11986373  0.42239111 -0.02177585]
[ 0.12148122  0.37489063 -0.10345961]
[ 0.12187397 -0.08743172 -0.04080475]
[ 0.12421492  0.37401696 -0.1035424 ]
[0.12478171 0.43037957 0.19340323]
[ 0.12494981 -0.08219608 -0.04092389]
[0.12740434 0.43270987 0.19432003]
[0.13072392 0.34259323 0.0444815 ]
[ 0.13111768 -0.07227858 -0.04094687]
[ 0.13140085  0.41745612 -0.02792267]
[ 0.13150968  0.41740778 -0.02797819]
[ 0.13170008  0.41730541 -0.02805092]
[0.13429018 0.43881682 0.19707721]
[0.13662391 0.42555392 0.30918468]
[0.13662671 0.42552597 0.30921557]
[0.13664836 0.42548713 0.30924792]
[0.13671386 0.42536271 0.3093538 ]
[0.13677901 0.42522709 0.30947297]
[ 0.13761694  0.41412919 -0.03031756]
[0.13828476 0.4319907  0.30069315]
[0.13933209 0.43362203 0.29816727]
[ 0.14029805  0.36853552 -0.10399008]
[0.14034876 0.41899475 0.31588286]
[ 0.14052647 -0.01301373 -0.01729783]
[ 0.14063957 -0.05689977 -0.04021843]
[0.14113378 0.44546224 0.20007638]
[0.14181069 0.02351861 0.03612844]
[0.14243242 0.41628719 0.31820254]
[0.14286793 0.43876964 0.29005909]
[ 0.14380887 -0.05150784 -0.04006612]
[ 0.14465355  0.36809167 -0.10246719]
[ 0.14739144  0.40764366 -0.03625748]
[0.14794825 0.44475544 0.28429793]
[0.15125429 0.44822377 0.28071095]
[0.15126525 0.45545151 0.20068962]
[0.15129019 0.32850597 0.15860059]
[ 0.15141908  0.40475631 -0.03816613]
[0.15306876 0.45743049 0.20085851]
[0.15324674 0.40626543 0.32408156]
[ 0.15340254 -0.03379071 -0.02601988]
[0.15380722 0.45082811 0.27796912]
[0.15438088 0.45873742 0.20094186]
[ 0.1552475  -0.03037527 -0.02331354]
[ 0.15580482  0.36623966 -0.09818847]
[0.15590907 0.46019546 0.2015865 ]
[0.15600693 0.45330102 0.27357217]
[0.15637849 0.42196057 0.18953843]
[0.15658284 0.40319782 0.3258585 ]
[0.15918582 0.40108943 0.32680921]
[ 0.15934932 -0.02298088 -0.01925568]
[0.16097952 0.3982807  0.32634912]
[ 0.16225368 -0.01815833 -0.01657613]
[ 0.16233959  0.38904126 -0.02356812]
[0.16261977 0.46095446 0.26015439]
[ 0.16323799  0.39953285 -0.03819649]
[0.1671909  0.17100011 0.03498137]
[0.16793681 0.38622319 0.32454568]
[ 0.16809522  0.36360399 -0.09315724]
[0.1681402  0.38592639 0.32449386]
[0.1693122  0.46832341 0.2500241 ]
[ 0.1698688  -0.00534153 -0.00388999]
[0.17016095 0.44189439 0.27013161]
[ 0.17109079  0.39701004 -0.03659182]
[ 0.17237598 -0.00113813  0.00027285]
[0.1734492  0.47714027 0.20905186]
[0.17428789 0.38082773 0.32608085]
[0.17447277 0.47805147 0.20946293]
[0.1758035  0.37971913 0.32642104]
[0.17628184 0.47645183 0.23911909]
[ 0.17707223  0.36401379 -0.0858053 ]
[0.17822616 0.47875837 0.23577964]
[ 0.17822839  0.34815413 -0.08196468]
[0.17886597 0.00990085 0.01645613]
[0.17911649 0.47979201 0.23427048]
[0.17921551 0.48232558 0.21075664]
[ 0.17943311  0.39500074 -0.03373717]
[0.17980114 0.39252625 0.32190542]
[0.18067529 0.01308782 0.02112786]
[0.18235733 0.48352407 0.22880403]
[0.18260233 0.07160815 0.06824767]
[ 0.18352757  0.39401117 -0.03233069]
[ 0.18357619  0.3939905  -0.03232893]
[0.1840267  0.37011517 0.32526365]
[0.18412516 0.0191746  0.03023221]
[0.18421705 0.36985167 0.3252024 ]
[ 0.18424945  0.39369091 -0.0322954 ]
[0.18483256 0.48743094 0.2122971 ]
[0.18565063 0.48725361 0.22330491]
[0.18630548 0.48787763 0.22231573]
[0.18677023 0.02366354 0.03694793]
[ 0.18680789  0.39243567 -0.03208837]
[ 0.18856634  0.36059778 -0.08259787]
[ 0.18948355  0.36032008 -0.08234077]
[0.19050025 0.49204044 0.21374828]
[ 0.19110029  0.35945718 -0.08249274]
[0.19115706 0.03085822 0.04172563]
[ 0.19135313  0.35930585 -0.08251712]
[0.19177685 0.49306674 0.21407287]
[0.1958363  0.35546132 0.3209807 ]
[0.19778838 0.04174554 0.04895536]
[ 0.19849235  0.35512557 -0.0832021 ]
[0.20229993 0.34786374 0.3185161 ]
[0.20255759 0.34759213 0.31840896]
[0.20320231 0.2655664  0.09613854]
[0.2064531  0.05579183 0.05382524]
[0.20673713 0.05624531 0.05398132]
[0.20941096 0.06072952 0.05556056]
[ 0.21050756  0.2606327  -0.05345498]
[ 0.21308792  0.37964431 -0.03003154]
[0.21851648 0.34134539 0.32210688]
[0.2193507  0.07734079 0.0534443 ]
[0.22134316 0.0806692  0.05283185]
[0.22164537 0.08115543 0.05273778]
[0.22265108 0.33969529 0.32310516]
[0.22288131 0.47093436 0.21300837]
[ 0.22323094  0.37632191 -0.02666465]
[ 0.22348213  0.3462659  -0.07596392]
[ 0.22494473  0.35059254 -0.01322919]
[0.22672647 0.33854206 0.32348878]
[0.22721686 0.33844254 0.32357766]
[ 0.23247694  0.34253894 -0.07308851]
[ 0.23432533  0.37200165 -0.02263113]
[0.23500466 0.10388127 0.04865708]
[ 0.23753328  0.36888672 -0.02447603]
[0.23776666 0.28516327 0.0176272 ]
[0.2380621  0.13078062 0.04909057]
[0.23930083 0.11098407 0.04733183]
[0.24135365 0.11428544 0.04866491]
[ 0.24255715  0.32140375 -0.06135217]
[0.24328754 0.33472076 0.32713717]
[ 0.24697891  0.33728148 -0.06720338]
[0.24754471 0.12456745 0.05272362]
[0.24792036 0.33185401 0.32638384]
[ 0.2495811   0.35725299 -0.03141324]
[0.25127807 0.13139522 0.04561532]
[0.25135493 0.13154625 0.04545935]
[0.25136478 0.33089117 0.32549221]
[0.25464121 0.37148578 0.27430232]
[0.25493169 0.13884551 0.03576946]
[ 0.25537527  0.35344612 -0.03184823]
[ 0.25622469  0.32785853 -0.07354517]
[ 0.25693087  0.32717462 -0.0740345 ]
[ 0.26125147  0.322451   -0.07695377]
[ 0.26146034  0.34946978 -0.03232055]
[0.26363839 0.15524543 0.02445949]
[0.26401353 0.32779682 0.32209269]
[ 0.26415615  0.34752658 -0.03239996]
[0.26439739 0.3278313  0.32212381]
[0.26469488 0.32784309 0.3221603 ]
[ 0.26496074  0.31841777 -0.07946305]
[ 0.26507781  0.31832359 -0.07948635]
[0.26582219 0.29921009 0.13189937]
[0.26628232 0.32827266 0.32205116]
[0.26660967 0.20732954 0.00375338]
[0.27126212 0.1717695  0.01377208]
[0.27393292 0.17680841 0.01029976]
[0.28009928 0.33164341 0.3214063 ]
[0.28016531 0.34242598 0.3124799 ]
[ 0.28067463  0.1895127  -0.00268958]
[ 0.28098537  0.33565358 -0.03308007]
[ 0.2813234   0.30930267 -0.07588626]
[0.28140378 0.33183549 0.3212184 ]
[ 0.28176558  0.19157653 -0.00255131]
[0.28198263 0.38731306 0.17352357]
[0.28455404 0.33261104 0.32050664]
[ 0.28652884  0.33213107 -0.03269487]
[0.28658515 0.33379875 0.31947854]
[ 0.29098865  0.20911351 -0.00136583]
[ 0.29138642  0.20986869 -0.00220441]
[ 0.29344739  0.30099159 -0.07244967]
[ 0.29426972  0.30041209 -0.07220908]
[0.29448144 0.33819984 0.31566067]
[0.29470138 0.25115266 0.0328642 ]
[ 0.29507078  0.25684735 -0.05155178]
[0.29622189 0.34033501 0.31385477]
[ 0.29662885  0.32427648 -0.03116186]
[ 0.29698921  0.30671419 -0.02110884]
[0.29707899 0.2857114  0.0816872 ]
[0.29884794 0.34136014 0.30817022]
[0.29945438 0.34157427 0.3069552 ]
[ 0.29954295  0.22683865 -0.02094387]
[0.29995707 0.34192285 0.30520853]
[ 0.30065419  0.32105271 -0.03049688]
[ 0.30074189  0.29466073 -0.06975013]
[0.30139335 0.34314518 0.29923944]
[ 0.30265802  0.23383159 -0.02863304]
[ 0.30284966  0.23423956 -0.02939151]
[0.30374785 0.34680943 0.29129087]
[ 0.30381737  0.31919936 -0.02898764]
[0.30412187 0.41328109 0.2290329 ]
[ 0.30458896  0.2906696  -0.06928468]
[0.30466132 0.28396277 0.11879564]
[ 0.30488432  0.23760029 -0.03613204]
[0.30534446 0.2903206  0.12313237]
[0.30566967 0.28305223 0.10183044]
[0.30603311 0.35031198 0.28367354]
[ 0.30613556  0.28868533 -0.06893343]
[0.30650101 0.28248717 0.09383985]
[0.30667565 0.35193934 0.2823144 ]
[0.30708988 0.30212337 0.13115125]
[ 0.30721286  0.24133624 -0.04369721]
[0.30729303 0.28219612 0.08659844]
[0.30733757 0.35398692 0.28062467]
[0.30748207 0.26140982 0.04853754]
[0.30769075 0.26399494 0.0521927 ]
[0.30792585 0.25733131 0.0361571 ]
[0.30801452 0.28193098 0.08000176]
[0.3082045  0.26909954 0.05942016]
[0.30825575 0.32160547 0.14450208]
[0.30831121 0.28182203 0.07731864]
[0.30832411 0.25412918 0.02601046]
[0.30942415 0.25709567 0.02284177]
[0.30966857 0.31687097 0.14114431]
[0.30990379 0.36189165 0.27409996]
[0.3102882  0.25911023 0.02065555]
[0.31036912 0.32140516 0.14656526]
[0.31052944 0.32141392 0.14252982]
[0.31089921 0.36551189 0.27113677]
[ 0.31104857  0.3136431  -0.02464614]
[0.31112283 0.32551378 0.1484509 ]
[ 0.31113168  0.24934948 -0.04753256]
[0.31190616 0.33004607 0.151755  ]
[0.31227975 0.33240958 0.15346052]
[ 0.31279197  0.31214394 -0.02349163]
[0.31300849 0.37287203 0.2641697 ]
[ 0.31302298  0.27824817 -0.06667749]
[ 0.31381759  0.27528624 -0.06565756]
[ 0.31384189  0.25672217 -0.05108087]
[ 0.31391463  0.3103874  -0.02221373]
[ 0.31407488  0.27454094 -0.06506725]
[ 0.31464768  0.25878742 -0.05268648]
[0.31516838 0.27205469 0.00680527]
[0.3154161 0.4189084 0.2325641]
[0.31573023 0.35448567 0.16937113]
[ 0.31577135  0.26541653 -0.05786924]
[ 0.31615448  0.26761065 -0.05958442]
[ 0.31656965  0.30681345 -0.0195835 ]
[0.31657991 0.36300353 0.17526844]
[0.31671409 0.38659027 0.25121845]
[0.31673912 0.41467639 0.23530165]
[0.316782   0.36475194 0.17649283]
[0.31678682 0.27615372 0.00239796]
[0.31679338 0.38693344 0.25089651]
[0.3170016  0.38795283 0.25040661]
[0.31714127 0.38945114 0.24960175]
[0.31729793 0.41356738 0.23112528]
[0.31758103 0.40840479 0.23874392]
[0.31771175 0.40736478 0.23941863]
[0.31780901 0.40452857 0.2411265 ]
[0.31789106 0.41069148 0.23028676]
[0.31828533 0.37755943 0.18506556]
[0.3183392  0.37946878 0.18626144]
[0.31837204 0.40400346 0.2282004 ]
[0.31849889 0.38216458 0.18799024]
[0.31861489 0.40239199 0.22461294]
[0.31863625 0.38494223 0.19253866]
[0.3186423  0.40147758 0.22240702]
[ 0.31868005  0.28150361 -0.00052562]
[ 0.31890582  0.30396718 -0.01696982]
[0.3189209  0.39404085 0.20733478]
[0.31893578 0.39990383 0.21899037]
[0.31897439 0.39724901 0.21252268]
[ 0.31954182  0.30099261 -0.01438676]
[ 0.31983162  0.28541313 -0.00271363]
[ 0.32008899  0.28880954 -0.00477969]
[ 0.32046592  0.29213553 -0.00677515]
[ 0.32090551  0.29613492 -0.0101417 ]