[-0.10512202  0.10233432 -0.14492936]
[-0.10510713  0.09721223  0.0106691 ]
[-0.10506386  0.102967   -0.14242645]
[-0.10451766  0.09730381  0.02091496]
[-0.10399441  0.09268545 -0.17271895]
[-0.1039616   0.09748058  0.03257407]
[-0.10370211  0.0978898   0.03395305]
[-0.10368195  0.10757503 -0.13724989]
[-0.10365327  0.09945489 -0.15689809]
[-0.10358696  0.10788062 -0.13695216]
[-0.10353962  0.09861936 -0.15875318]
[-0.10351957  0.08756255 -0.1842322 ]
[-0.1028965   0.11095766 -0.1145358 ]
[-0.10229894  0.10438679 -0.00129268]
[-0.10228587  0.09937146  0.0393181 ]
[-0.10225676  0.08463136 -0.1901985 ]
[-0.10208918  0.11339657 -0.1087182 ]
[-0.10194618  0.1056655  -0.00619966]
[-0.10124406  0.11436645 -0.13048697]
[-0.10045937  0.10108024  0.04565633]
[-0.10026658  0.11746607 -0.09928181]
[-0.09982892  0.08173507 -0.19893267]
[-0.09974257  0.11287867 -0.04014332]
[-0.09963205  0.11296676 -0.03766529]
[-0.09952004  0.11303424 -0.03559492]
[-0.09840661  0.07949091 -0.20623685]
[-0.09827694  0.11629408 -0.04576545]
[-0.09783418  0.12152218 -0.09022699]
[-0.0974107   0.11220718 -0.03906551]
[-0.09721796  0.11903986 -0.05028405]
[-0.09690894  0.07799096 -0.21047913]
[-0.09643901  0.0777054  -0.21163823]
[-0.09503973  0.10653119  0.0655575 ]
[-0.09453258  0.10655643  0.06911079]
[-0.09265814  0.13046652 -0.07015286]
[-0.0925986   0.13049535 -0.06913794]
[-0.09240243  0.1309747  -0.06986305]
[-0.09222378  0.10661641  0.07630692]
[-0.09201484  0.13080393 -0.06965064]
[-0.09109015  0.10663787  0.07853201]
[-0.09100784  0.10667659 -0.13232177]
[-0.08766748  0.07344614 -0.22579741]
[-0.08758952  0.07337055 -0.22595207]
[-0.0874193   0.10568661  0.08660671]
[-0.08727242  0.07307794 -0.22653015]
[-0.08694784  0.10437819  0.08865439]
[-0.08602213  0.10289152  0.09062285]
[-0.08595166  0.08511449  0.01108373]
[-0.07997745  0.10671051  0.07783142]
[-0.07979875  0.09600802  0.09795816]
[-0.07864538  0.09465544  0.09946332]
[-0.07832586  0.09437655  0.09969865]
[-0.07719859  0.0934848   0.10035411]
[-0.07524146  0.06461983 -0.23938325]
[-0.0738333   0.09070291  0.10253785]
[-0.07338872  0.06347425 -0.24082357]
[-0.07134197  0.06232142 -0.24202763]
[-0.07034805  0.08610699  0.10507623]
[-0.06839555  0.06455051 -0.24213048]
[-0.064266    0.07880397  0.10767034]
[-0.05761169  0.07082314  0.1104847 ]
[-0.05750428  0.07312741 -0.24563673]
[-0.056243    0.06931025  0.1107343 ]
[-0.05513631  0.07096206 -0.24694604]
[-0.05513388  0.06950699 -0.19552953]
[-0.05121637  0.06581919  0.11173018]
[-0.04401431  0.06080657 -0.25362154]
[-0.0428173   0.0597166  -0.25444709]
[-0.04277523  0.06113655  0.09601095]
[-0.04167239  0.05865211 -0.25445904]
[-0.04122438  0.05884408  0.11423358]
[-0.03920843  0.05634059 -0.25375506]
[-0.03733838  0.09112622 -0.07195456]
[-0.03727234  0.05612473  0.11464221]
[-0.03247371  0.04435646  0.1146221 ]
[-0.03116615  0.0488366  -0.25289874]
[-0.02791099  0.0332369   0.11475722]
[-0.0278874   0.03317567  0.11474973]
[-0.02582502  0.03007479  0.1144307 ]
[-0.02128099  0.0232803   0.11358566]
[-0.01565203  0.01475391  0.11295255]
[-0.01497089  0.02470315  0.07144022]
[-0.0085701   0.00849149  0.11259585]
[-0.00491821  0.02937121 -0.25073842]
[-0.00043483  0.00150218  0.11138194]
[ 0.00154211  0.02401762 -0.25013567]
[ 0.00589611 -0.00621566  0.11008676]
[ 0.01177606 -0.01338465  0.10889113]
[ 0.01449525  0.01742836 -0.00406646]
[ 0.01535226 -0.01771001  0.1078911 ]
[ 0.01563808  0.01284855 -0.24526339]
[ 0.01842965  0.01064792 -0.24422001]
[ 0.02101058  0.01132163 -0.2244428 ]
[ 0.02340881 -0.0025216  -0.24035795]
[ 0.02381085 -0.00368413 -0.24028107]
[ 0.03335144 -0.02770493  0.10488424]
[ 0.03956164 -0.03124066  0.10398838]
[ 0.04182208 -0.03502746  0.10331081]
[ 0.04240709 -0.00780877 -0.2371738 ]
[ 0.04417408 -0.00936628 -0.23686802]
[ 0.04629579 -0.00018191 -0.11494954]
[ 0.05493484 -0.05285031  0.09692251]
[ 0.05881007 -0.02214825 -0.22711542]
[ 0.06538387 -0.06007645  0.0933725 ]
[ 0.06654429 -0.02672109 -0.22224302]
[ 0.0673799  -0.06154442  0.09276595]
[ 0.06853227 -0.06215369  0.09222108]
[ 0.0692497  -0.02733286 -0.22066602]
[ 0.07141704 -0.0242908   0.05866906]
[ 0.07664057 -0.06641005  0.08836227]
[ 0.08041829 -0.02999403 -0.21527202]
[ 0.08087241 -0.02771518 -0.19540878]
[ 0.0853779  -0.03363206 -0.21233676]
[ 0.08943953 -0.06521534  0.08508706]
[ 0.09105707 -0.03752165 -0.20690311]
[ 0.09241946 -0.03801137 -0.20571428]
[ 0.09749929 -0.06324479  0.08345809]
[ 0.10170099 -0.04100984 -0.19649466]
[ 0.10455061 -0.06115204  0.08109637]
[ 0.10662219 -0.06280438 -0.05900241]
[ 0.10704904 -0.06041686  0.08027564]
[ 0.10998498 -0.05833363  0.07621442]
[ 0.11049915 -0.05931496  0.07917456]
[ 0.11198653 -0.03655493 -0.18901599]
[ 0.11336388 -0.05994794  0.07768415]
[ 0.11430453 -0.05998088  0.07654416]
[ 0.11652133 -0.03600004 -0.18522258]
[ 0.11691068 -0.06007213  0.07338577]
[ 0.12215737 -0.05964865  0.02281608]
[ 0.12347973 -0.06149028  0.06428032]
[ 0.12355855 -0.0349663  -0.1790678 ]
[ 0.12407709 -0.0616212   0.06350694]
[ 0.12422983 -0.06164522  0.06304609]
[ 0.12967016 -0.06250875  0.04685366]
[ 0.129896   -0.06251308  0.04530471]
[ 0.13058956 -0.06248722  0.03945789]
[ 0.13111768 -0.07227858 -0.04094687]
[ 0.13124067 -0.06524906  0.01810312]
[ 0.13178553 -0.06706652  0.00154918]
[ 0.1317863  -0.06667382  0.00556348]
[ 0.1317999  -0.06696212  0.00240403]
[ 0.13181485 -0.06796678 -0.00525473]
[ 0.13200154 -0.06362239  0.02048611]
[ 0.13285117 -0.07048293 -0.05204702]
[ 0.13401021 -0.05973558  0.02623699]
[ 0.13666985 -0.06727881 -0.07272755]
[ 0.13670212 -0.06724318 -0.07294523]
[ 0.13832858 -0.01828735 -0.14362402]
[ 0.13842915 -0.03044336 -0.16243138]
[ 0.13883917 -0.03023821 -0.16184779]
[ 0.13889082 -0.06466618 -0.08600256]
[ 0.14050671 -0.06141747 -0.10123272]
[ 0.14296809 -0.0564893  -0.10933851]
[ 0.14433583 -0.05147129 -0.11622176]
[ 0.14540367 -0.02306966 -0.15468032]
[ 0.14784641 -0.0418035  -0.13053685]
[ 0.14811859 -0.03906681 -0.1337206 ]
[ 0.14893421 -0.02413204 -0.14807046]
[ 0.15094827 -0.026296   -0.14292415]
[ 0.15120091 -0.02486879 -0.14432756]
[ 0.15125648 -0.02537445 -0.14362493]
[ 0.15134642 -0.02490219 -0.1439601 ]