[-0.23504117 -0.24347291  0.00945477]
[-0.23502464 -0.24363738  0.00940012]
[-0.23445384 -0.24670317  0.0079046 ]
[-0.23426906 -0.23804974  0.01175828]
[-0.23402347 -0.23171702  0.01595075]
[-0.23372816 -0.23394134  0.01348657]
[-0.23333427 -0.25556251  0.00316671]
[-0.2328289  -0.22194252  0.0258085 ]
[-0.231966   -0.21930086  0.0282623 ]
[-0.23071443 -0.21647738  0.03075673]
[-0.23055956 -0.21583676  0.03137298]
[-0.22979858 -0.26280812  0.00134987]
[-0.22736834 -0.20643573  0.03274743]
[-0.22734284 -0.20298776  0.04281019]
[-0.22657254 -0.26994314 -0.00064008]
[-0.22628945 -0.27038471 -0.00069769]
[-0.22554149 -0.20083407  0.04989423]
[-0.22472424 -0.19989606  0.05327664]
[-0.22226641 -0.19582488  0.06733606]
[-0.22218851 -0.27739035 -0.00129658]
[-0.22185927 -0.1948019   0.07074886]
[-0.22146519 -0.27846585 -0.00132077]
[-0.21956762 -0.19206964  0.08055056]
[-0.21873992 -0.19190667  0.08562878]
[-0.21801556 -0.19175261  0.09039353]
[-0.21554927 -0.19164216  0.09501001]
[-0.21388462 -0.19153388  0.09907136]
[-0.21372188 -0.28687282 -0.00311768]
[-0.21342318 -0.27681943  0.00532875]
[-0.21267576 -0.28776531 -0.00316079]
[-0.21193054 -0.20945177  0.03086003]
[-0.21110953 -0.18960627  0.1041488 ]
[-0.20790076 -0.18852415  0.10665967]
[-0.19954017 -0.18614576  0.11190932]
[-0.19788899 -0.18587732  0.11235634]
[-0.19620045 -0.19211323  0.09373732]
[-0.1960885  -0.29462725 -0.00847841]
[-0.19226891 -0.18746457  0.11496741]
[-0.18638875 -0.18910394  0.11777118]
[-0.18214357 -0.19071604  0.11835146]
[-0.17997074 -0.19149806  0.11879371]
[-0.17244027 -0.30649112 -0.01767364]
[-0.17058798 -0.19738706  0.12175833]
[-0.16949091 -0.30577519 -0.02027449]
[-0.16562985 -0.20071774  0.1229213 ]
[-0.16539724 -0.25057555  0.04520797]
[-0.16536462 -0.30528137 -0.02249527]
[-0.16044099 -0.30830149 -0.02204127]
[-0.15977209 -0.30721647 -0.01823274]
[-0.15768243 -0.30999357 -0.02178691]
[-0.15681969 -0.31023267 -0.02195683]
[-0.15266601 -0.20921035  0.12636062]
[-0.15183981 -0.20976992  0.126546  ]
[-0.14760498 -0.21331446  0.12779674]
[-0.14721039 -0.2136461   0.12791389]
[-0.14476894 -0.21800489  0.12177484]
[-0.14371709 -0.21644808  0.12934986]
[-0.14134149 -0.22265657  0.13272181]
[-0.13266731 -0.31695545 -0.02675516]
[-0.13239589 -0.23255163  0.13791308]
[-0.12987827 -0.3189233  -0.02628282]
[-0.12884718 -0.2364925   0.14013394]
[-0.12786444 -0.2375723   0.14062892]
[-0.11711778 -0.29019214  0.07859083]
[-0.11620193 -0.25053552  0.14805145]
[-0.11474483 -0.25215555  0.14898326]
[-0.11453588 -0.25238581  0.14909554]
[-0.11351964 -0.25350178  0.14960056]
[-0.11351238 -0.32829217 -0.02232037]
[-0.11014773 -0.33028051 -0.02153974]
[-0.10729733 -0.30673565 -0.00708652]
[-0.10555914 -0.33016172 -0.02327898]
[-0.10530528 -0.2616629   0.15322454]
[-0.10164489 -0.26546104  0.1442503 ]
[-0.09996343 -0.26361311  0.15379136]
[-0.09523354 -0.32845445 -0.02623977]
[-0.09154094 -0.32984    -0.02480458]
[-0.09125733 -0.26705593  0.15370965]
[-0.09047021 -0.26725757  0.15365791]
[-0.08964499 -0.33058117 -0.02410898]
[-0.08830414 -0.33092618 -0.02336857]
[-0.08019996 -0.27005583  0.15139147]
[-0.0790748  -0.33353841 -0.0186015 ]
[-0.07763933 -0.27075798  0.15078378]
[-0.07681002 -0.33379656 -0.01690076]
[-0.07429632 -0.27179167  0.15002474]
[-0.07343803 -0.33421687 -0.01441843]
[-0.0708768  -0.33445407 -0.01269438]
[-0.06817371 -0.27384922  0.14770787]
[-0.06687248 -0.33347842 -0.00833286]
[-0.06366343 -0.33259528 -0.00471225]
[-0.05856153 -0.3293041   0.00337897]
[-0.05839167 -0.32921512  0.00377424]
[-0.05826586 -0.32914459  0.0040769 ]
[-0.05822772 -0.32910635  0.00420473]
[-0.05733304 -0.27739127  0.14417516]
[-0.05240083 -0.32567752  0.01856959]
[-0.05084567 -0.31606818  0.04101126]
[-0.05081307 -0.32389578  0.02429755]
[-0.04855847 -0.32228288  0.03046826]
[-0.04825763 -0.32211057  0.03119981]
[-0.04805299 -0.2806846   0.13967861]
[-0.04382567 -0.31765434  0.03673971]
[-0.0436649  -0.28223696  0.13757999]
[-0.04189911 -0.31729232  0.04344909]
[-0.03997155 -0.28540812  0.13597053]
[-0.03794558 -0.31403081  0.05033985]
[-0.03670677 -0.28911969  0.10932797]
[-0.03512122 -0.28961934  0.13256133]
[-0.03401631 -0.3112131   0.05834553]
[-0.0335802  -0.31090295  0.05922801]
[-0.03348843 -0.31085133  0.05938164]
[-0.03340358 -0.31079151  0.0595521 ]
[-0.03123045 -0.30898578  0.06456115]
[-0.03064599 -0.29350607  0.12938316]
[-0.03041002 -0.29362189  0.12921969]
[-0.02536644 -0.29596168  0.12338973]
[-0.02504103 -0.29611095  0.1229846 ]
[-0.02383195 -0.3028759   0.08152578]
[-0.02355183 -0.30248681  0.0825389 ]
[-0.02213793 -0.30033617  0.08809144]
[-0.0216566  -0.29748115  0.11563765]
[-0.02132949 -0.29751962  0.11331273]
[-0.0189945  -0.29551115  0.10370235]
[-0.01886303 -0.29543875  0.10328781]
[-0.0185809  -0.29488496  0.10115883]
[-0.01837256 -0.29445733  0.09952857]
[ 0.03147494 -0.21282983 -0.31779266]
[ 0.04723587 -0.23598169 -0.29924298]
[ 0.04848651 -0.23577479 -0.29875172]
[ 0.05216047 -0.2355686  -0.29711588]
[ 0.05359484 -0.23652664 -0.30083951]
[ 0.05399624 -0.23656876 -0.30093232]
[ 0.05404546 -0.23656786 -0.30094996]
[ 0.05408729 -0.23655252 -0.30097999]
[ 0.05434089 -0.23650583 -0.30111431]
[ 0.05447491 -0.23498828 -0.29630147]
[ 0.06093276 -0.23096834 -0.29518087]
[ 0.06385135 -0.23477753 -0.30612769]
[ 0.06568002 -0.23350118 -0.30806624]
[ 0.06593763 -0.22832778 -0.29408455]
[ 0.07011514 -0.22948511 -0.31371815]
[ 0.07029966 -0.22153214 -0.29528527]
[ 0.0706291  -0.22791338 -0.31551526]
[ 0.07222352 -0.2057989  -0.31461546]
[ 0.07226075 -0.20676864 -0.31464722]
[ 0.07227552 -0.20606098 -0.31406792]
[ 0.07248819 -0.22160915 -0.31515784]
[ 0.07278469 -0.21062197 -0.30470696]
[ 0.07326034 -0.21706434 -0.29603083]
[ 0.07346832 -0.2141581  -0.29732697]
[ 0.07350261 -0.21587326 -0.2964879 ]