[-0.04146702  0.21368385 -0.02856617]
[-0.03976068  0.2170735  -0.03122736]
[-0.03859521  0.21768096 -0.02583809]
[-0.03792739  0.21859017 -0.02521945]
[-0.03561001  0.22143144 -0.02331625]
[-0.03412054  0.2278913  -0.03981663]
[-0.03354708  0.22867881 -0.03931515]
[-0.02953675  0.22935283 -0.01795962]
[-0.02642616  0.23221107 -0.00233261]
[-0.02506742  0.23367998  0.0052329 ]
[-0.02478878  0.23443     0.00828999]
[-0.02316611  0.23678587  0.00971675]
[-0.02124786  0.24381379 -0.02942144]
[-0.01983125  0.24534145 -0.02838775]
[-0.01717548  0.24563115  0.01498066]
[-0.01325596  0.23092132  0.01890442]
[-0.01233864  0.25346023  0.02475895]
[-0.01196541  0.25416836  0.02553325]
[-0.00764514  0.26067733 -0.03014045]
[-0.00709939  0.26244013  0.03112708]
[-0.00680754  0.26181609 -0.03024685]
[-0.00484899  0.264438   -0.03050242]
[-0.00311088  0.26729929  0.03524269]
[0.00045945 0.27154524 0.03890145]
[ 0.00275894  0.27593307 -0.03127735]
[ 0.00655141  0.2816233  -0.03119901]
[ 0.00659714  0.20032706 -0.04520141]
[0.00681238 0.28071985 0.06004036]
[0.01186869 0.28666671 0.06462333]
[ 0.01245496  0.29133917 -0.03082969]
[ 0.01424612  0.29435152 -0.03136607]
[ 0.01782549  0.30092351 -0.03238319]
[0.01837652 0.2939439  0.07038618]
[ 0.01851519  0.30184024 -0.03261384]
[0.02267432 0.30067721 0.07488636]
[ 0.02641047  0.28733009 -0.03773264]
[ 0.02782593  0.31466433 -0.02679608]
[0.02826481 0.31639758 0.17070526]
[0.02845179 0.31402842 0.17335739]
[0.02886066 0.3108174  0.17683758]
[0.0290716  0.31859134 0.16752856]
[0.02932958 0.31012031 0.17834912]
[0.03064945 0.31286964 0.07663596]
[ 0.03103589  0.31948329 -0.02463286]
[0.03110614 0.3230123  0.16082609]
[0.03200691 0.32408082 0.15890522]
[ 0.03246144  0.32148333 -0.02372763]
[0.03279922 0.30671721 0.18370735]
[0.03340819 0.32511493 0.14952678]
[0.03392546 0.31871182 0.07716815]
[0.03397195 0.3254456  0.14608838]
[0.03442668 0.30509862 0.18629485]
[0.03602775 0.30388006 0.18759933]
[0.03645432 0.22221154 0.05326949]
[ 0.03657391  0.3271437  -0.02115953]
[0.03690286 0.32270591 0.08403831]
[0.0369108  0.32539809 0.13510911]
[0.03746065 0.32361948 0.08548957]
[0.03787336 0.32412372 0.08639281]
[0.04041522 0.32568824 0.12302199]
[0.04087414 0.32589682 0.12084263]
[0.04098938 0.32839655 0.09367499]
[0.04123158 0.29961101 0.19286345]
[0.04172808 0.32813696 0.11031105]
[0.04181367 0.29933063 0.1934575 ]
[ 0.04235903  0.33598536 -0.02059777]
[0.04647016 0.29738314 0.19649135]
[ 0.04723927  0.330435   -0.01900908]
[ 0.04755332  0.3436576  -0.01916866]
[ 0.04998904  0.34783506 -0.02051073]
[0.05219367 0.29489325 0.20077957]
[0.05258065 0.29474872 0.20093097]
[ 0.05292024  0.35351149 -0.02212513]
[0.05424197 0.29925035 0.17178519]
[0.05703745 0.29235335 0.20243216]
[ 0.06464768  0.37220419 -0.02858842]
[0.06872225 0.30688166 0.09934771]
[ 0.06882665  0.37949925 -0.03089088]
[ 0.06885079  0.37954789 -0.030942  ]
[0.06927406 0.28574139 0.20674771]
[ 0.07209417  0.38703967 -0.03859013]
[ 0.07316016  0.39003696 -0.04153958]
[ 0.07418194  0.39327538 -0.04466437]
[ 0.07447253  0.39401392 -0.04516222]
[ 0.07760331  0.40058785 -0.04978233]
[0.0786489  0.27861371 0.20936199]
[ 0.08054839  0.40395531 -0.05261392]
[ 0.08075028  0.40420344 -0.05281733]
[ 0.08095529  0.40426528 -0.05292165]
[ 0.08140871  0.40429109 -0.0530927 ]
[ 0.08557339  0.40446346 -0.05462901]
[ 0.09059343  0.40555849 -0.05447996]
[0.09315441 0.26776312 0.21077471]
[ 0.09776082  0.38220186 -0.04688332]
[ 0.09894453  0.08956833 -0.01703496]
[ 0.09985166  0.4074431  -0.0541651 ]
[ 0.10080363  0.40765938 -0.05413939]
[ 0.10157803  0.40774992 -0.05409317]
[ 0.10166802  0.40774975 -0.05408463]
[0.10470338 0.2591919  0.21089683]
[0.11170919 0.24850968 0.20847418]
[0.1131959  0.24623174 0.2079645 ]
[ 0.11356223  0.40795238 -0.05258499]
[ 0.11669913  0.28276731 -0.00752103]
[0.11770539 0.22310909 0.13120852]
[0.12183464 0.23650821 0.20659384]
[ 0.12427042  0.40606431 -0.05060971]
[0.12685495 0.24378386 0.19586408]
[0.13086138 0.23020391 0.20690795]
[ 0.13200668  0.40581533 -0.04714195]
[ 0.14106477  0.4057445  -0.04322106]
[0.14149964 0.23023767 0.21065828]
[0.14211832 0.22978282 0.21066949]
[ 0.14669423  0.40541527 -0.04060417]
[ 0.15141908  0.40475631 -0.03816613]
[0.15558204 0.21986045 0.21103799]
[ 0.16233959  0.38904126 -0.02356812]
[ 0.16673932  0.40410615 -0.02771241]
[ 0.16691815  0.40409906 -0.02759062]
[0.1671909  0.17100011 0.03498137]
[ 0.1693595   0.40261667 -0.0282874 ]
[0.16966202 0.20958313 0.21090476]
[0.17899366 0.20295397 0.21090815]
[0.18231114 0.20486689 0.18717507]
[0.1824912  0.20061438 0.2101031 ]
[ 0.18285005  0.39442841 -0.03213821]
[ 0.18352757  0.39401117 -0.03233069]
[ 0.18357619  0.3939905  -0.03232893]
[ 0.18424945  0.39369091 -0.0322954 ]
[ 0.18628186  0.0482422  -0.05199419]
[ 0.18680789  0.39243567 -0.03208837]
[0.19358999 0.19061928 0.20609795]
[0.19811639 0.18650138 0.20469851]
[0.20022356 0.06631189 0.00620011]
[ 0.20119516  0.04551358 -0.04224927]
[ 0.20179867  0.04625297 -0.04945116]
[0.20411135 0.18128284 0.20152183]
[ 0.20471072  0.0521344  -0.02266106]
[0.20681171 0.17926677 0.19821029]
[0.20681275 0.17920482 0.20025688]
[0.20707818 0.1773934  0.19915427]
[ 0.20745285  0.05702566 -0.00803204]
[0.20939297 0.17659776 0.1986699 ]
[ 0.20949857  0.06056979 -0.00284127]
[ 0.21008985  0.06157444 -0.00137042]
[ 0.21019565  0.06056925 -0.04249901]
[ 0.21047696  0.06104241 -0.04243819]
[0.21081062 0.1754857  0.19799295]
[0.21180594 0.06455792 0.01052889]
[0.21219798 0.17439287 0.19734233]
[ 0.21308792  0.37964431 -0.03003154]
[0.21450394 0.06914109 0.01713199]
[0.21609031 0.07190281 0.02108946]
[0.21964842 0.18585486 0.12277687]
[ 0.22095449  0.07870274 -0.04017867]
[0.22259569 0.08310235 0.02848012]
[ 0.2231455   0.10761786 -0.04361655]
[ 0.22323094  0.37632191 -0.02666465]
[ 0.22494473  0.35059254 -0.01322919]
[0.22676328 0.16370121 0.18845895]
[ 0.22777329  0.09012735 -0.04060218]
[0.22854772 0.16238803 0.18737932]
[ 0.23192855  0.09774388 -0.04094587]
[0.23281154 0.10050176 0.04005901]
[ 0.23432533  0.37200165 -0.02263113]
[0.23592302 0.10562606 0.04356037]
[ 0.23658592  0.1066748  -0.03645503]
[0.23664816 0.15700537 0.18095863]
[ 0.23753328  0.36888672 -0.02447603]
[0.23776666 0.28516327 0.0176272 ]
[0.2380621  0.13078062 0.04909057]
[0.2384148  0.15723513 0.18053972]
[0.23930083 0.11098407 0.04733183]
[0.23977914 0.15741355 0.18020237]
[0.24065505 0.15754936 0.17968777]
[0.2411416  0.15863215 0.1652796 ]
[0.24135365 0.11428544 0.04866491]
[ 0.24297083  0.11921437 -0.02663608]
[0.24754471 0.12456745 0.05272362]
[0.24778562 0.12433601 0.06249929]
[0.24843592 0.1587731  0.17487338]
[ 0.2495811   0.35725299 -0.03141324]
[0.25033353 0.12837861 0.06704658]
[0.25052955 0.15790344 0.17254475]
[ 0.25159095  0.14366106 -0.00966559]
[0.25185739 0.13068699 0.06974649]
[ 0.25225483  0.13616265 -0.01299363]
[0.25336527 0.15618631 0.16637966]
[0.25383911 0.133394   0.07616853]
[ 0.25477504  0.14077132 -0.00881325]
[ 0.25537527  0.35344612 -0.03184823]
[0.2554076  0.15490659 0.16169927]
[0.25578376 0.15442905 0.15948672]
[ 0.25695238  0.14465968 -0.01080695]
[ 0.25707984  0.1449001  -0.01092928]
[0.25773269 0.15372962 0.15179392]
[0.25918864 0.14157515 0.09461396]
[0.25923165 0.15315442 0.14403506]
[ 0.25972385  0.14989594 -0.00933175]
[0.26086567 0.15246358 0.13242188]
[ 0.26146034  0.34946978 -0.03232055]
[0.2622018  0.14915034 0.10877144]
[0.26274814 0.15158933 0.11516732]
[0.26275326 0.15076936 0.11165792]
[0.26303369 0.15169932 0.11357739]
[ 0.26415615  0.34752658 -0.03239996]
[0.26660967 0.20732954 0.00375338]
[ 0.26851473  0.16650095 -0.00654915]
[ 0.28067463  0.1895127  -0.00268958]
[ 0.28098537  0.33565358 -0.03308007]
[ 0.28176558  0.19157653 -0.00255131]
[ 0.28652884  0.33213107 -0.03269487]
[ 0.29098865  0.20911351 -0.00136583]
[ 0.29103974  0.2092116  -0.00063274]
[0.29129695 0.21084527 0.0120446 ]
[0.29244999 0.21360166 0.01371264]
[0.29470138 0.25115266 0.0328642 ]
[ 0.29662885  0.32427648 -0.03116186]
[ 0.29698921  0.30671419 -0.02110884]
[0.30044053 0.23266443 0.02525287]
[ 0.30065419  0.32105271 -0.03049688]
[0.30147194 0.23556225 0.0269585 ]
[ 0.30381737  0.31919936 -0.02898764]
[0.30480464 0.24450421 0.02712269]
[0.30810576 0.25326483 0.0260596 ]
[0.30832411 0.25412918 0.02601046]
[0.30942415 0.25709567 0.02284177]
[0.3102882  0.25911023 0.02065555]
[ 0.31104857  0.3136431  -0.02464614]
[ 0.31279197  0.31214394 -0.02349163]
[ 0.31391463  0.3103874  -0.02221373]
[0.31516838 0.27205469 0.00680527]
[ 0.31656965  0.30681345 -0.0195835 ]
[0.31678682 0.27615372 0.00239796]
[ 0.31868005  0.28150361 -0.00052562]
[ 0.31890582  0.30396718 -0.01696982]
[ 0.31954182  0.30099261 -0.01438676]
[ 0.31983162  0.28541313 -0.00271363]
[ 0.32008899  0.28880954 -0.00477969]
[ 0.32046592  0.29213553 -0.00677515]
[ 0.32090551  0.29613492 -0.0101417 ]