[-0.20553311 -0.16494458 -0.05264334]
[-0.20540216 -0.16642696 -0.05324159]
[-0.20491379 -0.17117125 -0.05541875]
[-0.20474355 -0.17217671 -0.05585773]
[-0.20473682 -0.15368012 -0.04766255]
[-0.20356847 -0.17727964 -0.05798117]
[-0.20322    -0.141657   -0.04218443]
[-0.20266422 -0.18198471 -0.05947491]
[-0.20250705 -0.13884467 -0.04081611]
[-0.20161221 -0.18451697 -0.06012362]
[-0.20012152 -0.07310521 -0.32596402]
[-0.20011841 -0.07437715 -0.32606479]
[-0.20009967 -0.07377638 -0.32594548]
[-0.20007579 -0.12997158 -0.04060111]
[-0.19992828 -0.07007436 -0.32609817]
[-0.19965763 -0.06619326 -0.32627396]
[-0.1991177  -0.08070005 -0.32754229]
[-0.19854927 -0.06331003 -0.32656135]
[-0.19751738 -0.12130331 -0.04030987]
[-0.19733367 -0.18939153 -0.06513773]
[-0.1967822  -0.08614622 -0.32908781]
[-0.19621235 -0.08762957 -0.32949649]
[-0.19609611 -0.08779573 -0.32955197]
[-0.19558644 -0.05587827 -0.32732044]
[-0.19549265 -0.08848958 -0.32947519]
[-0.19443556 -0.0542444  -0.32757365]
[-0.19424286 -0.10931425 -0.03378877]
[-0.19389206 -0.18210041 -0.05710927]
[-0.19382722 -0.19386822 -0.06976528]
[-0.19371454 -0.19413459 -0.06987472]
[-0.19324507 -0.10636247 -0.03207982]
[-0.19185895 -0.0925319  -0.32902871]
[-0.19104938 -0.04886525 -0.33060868]
[-0.19057773 -0.04828893 -0.33097436]
[-0.19024243 -0.20018304 -0.07090572]
[-0.1899334  -0.04786725 -0.33135327]
[-0.18654877 -0.08697599 -0.03079092]
[-0.18590377 -0.09983827 -0.32821754]
[-0.18588131 -0.09986603 -0.32821582]
[-0.18462191 -0.10185423 -0.3280786 ]
[-0.18356181 -0.07836556 -0.03021605]
[-0.18354738 -0.04380682 -0.33506952]
[-0.18304541 -0.07684497 -0.03011661]
[-0.18272403 -0.076069   -0.030055  ]
[-0.18100288 -0.10522601 -0.32790592]
[-0.17798291 -0.0646506  -0.03511002]
[-0.17752645 -0.06354768 -0.03486147]
[-0.17728472 -0.21996954 -0.07173263]
[-0.17582787 -0.04134778 -0.3387536 ]
[-0.1752327  -0.22297219 -0.07172177]
[-0.17481524 -0.05677746 -0.03340243]
[-0.17428625 -0.0407951  -0.33886361]
[-0.17389071 -0.22472741 -0.07148864]
[-0.17289406 -0.04036529 -0.33894698]
[-0.17175625 -0.04021005 -0.33896992]
[-0.17055402 -0.1265828  -0.02784909]
[-0.16910398 -0.11856315 -0.32712509]
[-0.16877696 -0.04240742 -0.0442555 ]
[-0.16785715 -0.07209787 -0.33157349]
[-0.16704595 -0.06445425 -0.02709108]
[-0.16659211 -0.23258406 -0.07141717]
[-0.16636523 -0.03638316 -0.04292022]
[-0.16586554 -0.2304528  -0.06492162]
[-0.16558675 -0.11903346 -0.32722291]
[-0.16482595 -0.03274453 -0.04211644]
[-0.16405297 -0.03101232 -0.04434025]
[-0.16321178 -0.11933044 -0.3274154 ]
[-0.16270112 -0.23879093 -0.06994958]
[-0.16176211 -0.02584795 -0.05095901]
[-0.16097187 -0.02404864 -0.05271733]
[-0.15986039 -0.03889673 -0.33913832]
[-0.15427207 -0.03919709 -0.33900592]
[-0.15371713 -0.03920577 -0.33899765]
[-0.15262538 -0.04113203 -0.04448959]
[-0.15117233 -0.00099558 -0.07507164]
[-0.15073005 -0.11353583 -0.32914202]
[-0.1478388   0.00681453 -0.08029325]
[-0.14734776  0.0078906  -0.0810331 ]
[-0.14522781 -0.1103673  -0.32996285]
[-0.1449664  -0.25630288 -0.07089404]
[-0.14415846 -0.03914341 -0.33807324]
[-0.14309618  0.01741559 -0.08189636]
[-0.14212652 -0.10894824 -0.33384034]
[-0.14142988 -0.25985555 -0.07113884]
[-0.14110172  0.00215588 -0.08279157]
[-0.1400437   0.02433739 -0.0802994 ]
[-0.13960812 -0.26120868 -0.07082038]
[-0.1392767  -0.10764425 -0.33740341]
[-0.13872997 -0.10675396 -0.33848065]
[-0.13842464 -0.10585397 -0.33932999]
[-0.13718365  0.03048226 -0.07883649]
[-0.13653783 -0.0406227  -0.33692643]
[-0.13592669 -0.10397889 -0.34290335]
[-0.13390757 -0.09833554 -0.34263494]
[-0.13378259  0.03938167 -0.07694082]
[-0.12975206 -0.20477024 -0.01740978]
[-0.12920684 -0.26930106 -0.06934395]
[-0.12682952 -0.04331967 -0.33524768]
[-0.12547301 -0.04391787 -0.33564606]
[-0.1252041   0.05891585 -0.07244484]
[-0.12519332 -0.27211534 -0.0690374 ]
[-0.12425889 -0.08629584 -0.34327177]
[-0.12319669 -0.27081175 -0.06554047]
[-0.12229713 -0.27414614 -0.0688162 ]
[-0.12155223 -0.0827848  -0.34343323]
[-0.12013975 -0.08101699 -0.34342088]
[-0.11974373  0.07128329 -0.0670666 ]
[-0.11824085 -0.27547838 -0.06979696]
[-0.11805634 -0.27554591 -0.06984855]
[-0.11776031 -0.27564848 -0.06992551]
[-0.11710898 -0.27587707 -0.07009775]
[-0.11700418 -0.05250584 -0.33900036]
[-0.11640956  0.07892165 -0.06706493]
[-0.11495616  0.08236145 -0.06706993]
[-0.11369481  0.08526451 -0.06468921]
[-0.11217876 -0.05926943 -0.34124577]
[-0.1079328  -0.06522502 -0.3432223 ]
[-0.10620332  0.09995042 -0.05178964]
[-0.10512202  0.10233432 -0.14492936]
[-0.10506386  0.102967   -0.14242645]
[-0.10399441  0.09268545 -0.17271895]
[-0.10368195  0.10757503 -0.13724989]
[-0.10365327  0.09945489 -0.15689809]
[-0.10358696  0.10788062 -0.13695216]
[-0.10353962  0.09861936 -0.15875318]
[-0.10351957  0.08756255 -0.1842322 ]
[-0.1028965   0.11095766 -0.1145358 ]
[-0.10273989  0.0675501  -0.06483818]
[-0.10225676  0.08463136 -0.1901985 ]
[-0.10208918  0.11339657 -0.1087182 ]
[-0.10124406  0.11436645 -0.13048697]
[-0.10099174  0.11039709 -0.04270417]
[-0.10026658  0.11746607 -0.09928181]
[-0.09982892  0.08173507 -0.19893267]
[-0.09974257  0.11287867 -0.04014332]
[-0.09840661  0.07949091 -0.20623685]
[-0.09840432 -0.27932865 -0.07814583]
[-0.09827694  0.11629408 -0.04576545]
[-0.09783418  0.12152218 -0.09022699]
[-0.0974107   0.11220718 -0.03906551]
[-0.09721796  0.11903986 -0.05028405]
[-0.09690894  0.07799096 -0.21047913]
[-0.09643901  0.0777054  -0.21163823]
[-0.09623749 -0.2795696  -0.07900004]
[-0.09265814  0.13046652 -0.07015286]
[-0.0925986   0.13049535 -0.06913794]
[-0.09240243  0.1309747  -0.06986305]
[-0.09201484  0.13080393 -0.06965064]
[-0.09100784  0.10667659 -0.13232177]
[-0.08766748  0.07344614 -0.22579741]
[-0.08758952  0.07337055 -0.22595207]
[-0.08727242  0.07307794 -0.22653015]
[-0.07803529 -0.28204519 -0.0863977 ]
[-0.07680368 -0.28204454 -0.08709072]
[-0.07524146  0.06461983 -0.23938325]
[-0.07338872  0.06347425 -0.24082357]
[-0.07134197  0.06232142 -0.24202763]
[-0.06839555  0.06455051 -0.24213048]
[-0.0655882  -0.28115767 -0.09280306]
[-0.06411171 -0.28090649 -0.09346374]
[-0.06349372 -0.26473858 -0.08282719]
[-0.05750428  0.07312741 -0.24563673]
[-0.05701899 -0.05793924 -0.06378165]
[-0.05681368 -0.28661854 -0.08840011]
[-0.05513631  0.07096206 -0.24694604]
[-0.05513388  0.06950699 -0.19552953]
[-0.05106867 -0.29090308 -0.08428406]
[-0.049039   -0.29177526 -0.08243664]
[-0.04401431  0.06080657 -0.25362154]
[-0.0428173   0.0597166  -0.25444709]
[-0.04167239  0.05865211 -0.25445904]
[-0.03920843  0.05634059 -0.25375506]
[-0.03749112 -0.29383347 -0.07686165]
[-0.03733838  0.09112622 -0.07195456]
[-0.03667292 -0.29396893 -0.07646385]
[-0.03522599 -0.29371743 -0.07562812]
[-0.03116615  0.0488366  -0.25289874]
[-0.02924493 -0.19633979 -0.03638446]
[-0.02403238 -0.2914813  -0.0690846 ]
[-0.0216392  -0.28991671 -0.06739298]
[-0.01821788 -0.2874991  -0.066752  ]
[-0.01349454 -0.21527601 -0.30689656]
[-0.01302711 -0.21397806 -0.30701979]
[-0.01264893 -0.2833175  -0.06574285]
[-0.01246131 -0.21568644 -0.30714326]
[-0.01043284 -0.21686251 -0.30762468]
[-0.00922254 -0.20355668 -0.30802163]
[-0.00881065 -0.27862349 -0.06529857]
[-0.00690073 -0.19868086 -0.3086214 ]
[-0.00647052 -0.19767275 -0.30873335]
[-0.00620358 -0.27463557 -0.0651077 ]
[-0.00566409 -0.27123593 -0.05729878]
[-0.00557848 -0.26606073 -0.04591705]
[-0.00526787 -0.2203385  -0.30884673]
[-0.00497521 -0.26469168 -0.04504055]
[-0.00491821  0.02937121 -0.25073842]
[-0.00464355 -0.22075973 -0.30899948]
[-0.00287939 -0.19392218 -0.3139608 ]
[-0.00278222 -0.25913079 -0.04164646]
[-0.00197158 -0.19191278 -0.31617675]
[-0.00146915 -0.19037428 -0.31776254]
[ 0.00113581 -0.18396905 -0.32465998]
[ 0.00154211  0.02401762 -0.25013567]
[ 0.00155657 -0.24962145 -0.03546249]
[ 0.00178986 -0.24913754 -0.03513973]
[ 0.00370208 -0.17857773 -0.32594555]
[ 0.00461892 -0.24342983 -0.03187109]
[ 0.0076199  -0.22805694 -0.31199851]
[ 0.00820993 -0.22843701 -0.31214284]
[ 0.00835485 -0.16867733 -0.32830632]
[ 0.00840163 -0.22851813 -0.31218968]
[ 0.00964337 -0.16594944 -0.32886902]
[ 0.01160985 -0.23026494 -0.31297403]
[ 0.01269206 -0.23177883 -0.02393415]
[ 0.01317625 -0.23113584 -0.31335701]
[ 0.0131982  -0.2310858  -0.02438831]
[ 0.01327674 -0.23115367 -0.31328355]
[ 0.01563808  0.01284855 -0.24526339]
[ 0.01842965  0.01064792 -0.24422001]
[ 0.0202752  -0.15662239 -0.33082058]
[ 0.02101058  0.01132163 -0.2244428 ]
[ 0.0215614  -0.15524898 -0.33110671]
[ 0.02198352 -0.154816   -0.33126524]
[ 0.02340881 -0.0025216  -0.24035795]
[ 0.02361319 -0.23458789 -0.3044042 ]
[ 0.02381085 -0.00368413 -0.24028107]
[ 0.02602693 -0.23557655 -0.30330157]
[ 0.03119747 -0.21085592 -0.03815796]
[ 0.03147494 -0.21282983 -0.31779266]
[ 0.03162929 -0.21035302 -0.03838016]
[ 0.03226674 -0.14499798 -0.33491001]
[ 0.03249309 -0.14422152 -0.33515692]
[ 0.03439163 -0.23605944 -0.30148124]
[ 0.03483085 -0.14594835 -0.33480794]
[ 0.03586334 -0.16537053 -0.32910344]
[ 0.03592187 -0.14736487 -0.33446344]
[ 0.03872257 -0.23653215 -0.30038737]
[ 0.03900986 -0.20143596 -0.04228909]
[ 0.04001341 -0.14998041 -0.06017536]
[ 0.04240709 -0.00780877 -0.2371738 ]
[ 0.04356063 -0.15628388 -0.32986789]
[ 0.04417408 -0.00936628 -0.23686802]
[ 0.04577505 -0.15882026 -0.32855035]
[ 0.04621959 -0.15939479 -0.32842814]
[ 0.04629579 -0.00018191 -0.11494954]
[ 0.04635674 -0.192978   -0.04603565]
[ 0.04723587 -0.23598169 -0.29924298]
[ 0.04848651 -0.23577479 -0.29875172]
[ 0.05208435 -0.16712797 -0.32679867]
[ 0.05216047 -0.2355686  -0.29711588]
[ 0.05243357 -0.16756312 -0.32665013]
[ 0.05447491 -0.23498828 -0.29630147]
[ 0.05818342 -0.17544244 -0.32402655]
[ 0.05881007 -0.02214825 -0.22711542]
[ 0.06093276 -0.23096834 -0.29518087]
[ 0.061145   -0.17681522 -0.05736314]
[ 0.06264859 -0.18200182 -0.32187947]
[ 0.06306161 -0.18260516 -0.3216745 ]
[ 0.06593763 -0.22832778 -0.29408455]
[ 0.06654429 -0.02672109 -0.22224302]
[ 0.0685028  -0.16916072 -0.06469978]
[ 0.0692497  -0.02733286 -0.22066602]
[ 0.06976304 -0.19880884 -0.31670615]
[ 0.07029966 -0.22153214 -0.29528527]
[ 0.07213754 -0.20438318 -0.31498852]
[ 0.07222352 -0.2057989  -0.31461546]
[ 0.07227552 -0.20606098 -0.31406792]
[ 0.07278469 -0.21062197 -0.30470696]
[ 0.07326034 -0.21706434 -0.29603083]
[ 0.0734457  -0.16355734 -0.06985408]
[ 0.07346832 -0.2141581  -0.29732697]
[ 0.07350261 -0.21587326 -0.2964879 ]
[ 0.07867839 -0.12135704 -0.09548375]
[ 0.08041829 -0.02999403 -0.21527202]
[ 0.08087241 -0.02771518 -0.19540878]
[ 0.08203061 -0.15398921 -0.0794416 ]
[ 0.0853779  -0.03363206 -0.21233676]
[ 0.08557269 -0.14982243 -0.08351652]
[ 0.09105707 -0.03752165 -0.20690311]
[ 0.09241946 -0.03801137 -0.20571428]
[ 0.09464787 -0.13738537 -0.08653416]
[ 0.0947292  -0.13726829 -0.08653754]
[ 0.10170099 -0.04100984 -0.19649466]
[ 0.1038764  -0.1235007  -0.08706648]
[ 0.10662219 -0.06280438 -0.05900241]
[ 0.11198653 -0.03655493 -0.18901599]
[ 0.11284128 -0.10728358 -0.0765066 ]
[ 0.11637816 -0.10136097 -0.07255229]
[ 0.11652133 -0.03600004 -0.18522258]
[ 0.11905297 -0.09676997 -0.06895543]
[ 0.12355855 -0.0349663  -0.1790678 ]
[ 0.12484345 -0.08552659 -0.0605397 ]
[ 0.13654819 -0.06749495 -0.07277923]
[ 0.13670212 -0.06724318 -0.07294523]
[ 0.13832858 -0.01828735 -0.14362402]
[ 0.13842915 -0.03044336 -0.16243138]
[ 0.13883917 -0.03023821 -0.16184779]
[ 0.13889082 -0.06466618 -0.08600256]
[ 0.14050671 -0.06141747 -0.10123272]
[ 0.14296809 -0.0564893  -0.10933851]
[ 0.14433583 -0.05147129 -0.11622176]
[ 0.14540367 -0.02306966 -0.15468032]
[ 0.14784641 -0.0418035  -0.13053685]
[ 0.14811859 -0.03906681 -0.1337206 ]
[ 0.14893421 -0.02413204 -0.14807046]
[ 0.15094827 -0.026296   -0.14292415]
[ 0.15120091 -0.02486879 -0.14432756]
[ 0.15125648 -0.02537445 -0.14362493]
[ 0.15134642 -0.02490219 -0.1439601 ]