[ 0.09894453  0.08956833 -0.01703496]
[0.1671909  0.17100011 0.03498137]
[ 0.18628186  0.0482422  -0.05199419]
[0.20022356 0.06631189 0.00620011]
[ 0.20119516  0.04551358 -0.04224927]
[ 0.20179867  0.04625297 -0.04945116]
[ 0.20471072  0.0521344  -0.02266106]
[ 0.20745285  0.05702566 -0.00803204]
[ 0.20949857  0.06056979 -0.00284127]
[ 0.21008985  0.06157444 -0.00137042]
[ 0.21019565  0.06056925 -0.04249901]
[ 0.21047696  0.06104241 -0.04243819]
[0.21180594 0.06455792 0.01052889]
[0.21450394 0.06914109 0.01713199]
[0.21609031 0.07190281 0.02108946]
[ 0.22095449  0.07870274 -0.04017867]
[0.22259569 0.08310235 0.02848012]
[ 0.2231455   0.10761786 -0.04361655]
[ 0.22777329  0.09012735 -0.04060218]
[ 0.23192855  0.09774388 -0.04094587]
[0.23281154 0.10050176 0.04005901]
[0.23592302 0.10562606 0.04356037]
[ 0.23658592  0.1066748  -0.03645503]
[0.2380621  0.13078062 0.04909057]
[0.23930083 0.11098407 0.04733183]
[0.24135365 0.11428544 0.04866491]
[ 0.24297083  0.11921437 -0.02663608]
[0.24754471 0.12456745 0.05272362]
[0.25127807 0.13139522 0.04561532]
[0.25135493 0.13154625 0.04545935]
[ 0.25159095  0.14366106 -0.00966559]
[ 0.25225483  0.13616265 -0.01299363]
[0.253058   0.13755806 0.01808673]
[0.25425747 0.1400946  0.00653216]
[ 0.25477504  0.14077132 -0.00881325]
[ 0.25519672  0.14166699 -0.00063262]