[ 0.22067687  0.17655684 -0.38055722]
[ 0.22069293  0.17669321 -0.3799709 ]
[ 0.22074471  0.17614323 -0.38027178]
[ 0.22120002  0.17910989 -0.37848378]
[ 0.22209228  0.18243065 -0.38426391]
[ 0.22330823  0.18751896 -0.38747639]
[ 0.22334105  0.18952423 -0.37208518]
[ 0.22347839  0.1907674  -0.37134793]
[ 0.22355352  0.1910984  -0.37114298]
[ 0.22466051  0.19395535 -0.36927095]
[ 0.22466858  0.18941215 -0.38853921]
[ 0.22476659  0.18956119 -0.38862421]
[ 0.22820911  0.20123067 -0.36626225]
[ 0.22821773  0.20124323 -0.36625679]
[ 0.22824278  0.20125855 -0.36624857]
[ 0.23065804  0.19890465 -0.39086288]
[ 0.23534027  0.20223299 -0.3909825 ]
[ 0.2354849   0.20606893 -0.36373446]
[ 0.2370863   0.206865   -0.36428208]
[ 0.23977013  0.2053456  -0.39108096]
[ 0.24364719  0.20776661 -0.36655072]
[ 0.24423518  0.20705903 -0.39060348]
[ 0.24661234  0.20876541 -0.36756974]
[ 0.24692448  0.20804269 -0.38946907]
[ 0.24734949  0.20813197 -0.3892714 ]
[ 0.249628    0.20907203 -0.36861365]
[ 0.25195466  0.2092169  -0.36942002]
[ 0.25541905  0.2093193  -0.3853773 ]
[ 0.25641219  0.20947999 -0.37130334]
[ 0.2589874   0.20912213 -0.38345468]
[ 0.26053428  0.17360542 -0.37277744]
[ 0.26232732  0.20846972 -0.37379242]
[ 0.26687679  0.20849062 -0.37914956]
[ 0.26719587  0.20831138 -0.37584609]
[ 0.27026559  0.2076302  -0.37713666]