[-0.10512202  0.10233432 -0.14492936]
[-0.10506386  0.102967   -0.14242645]
[-0.10399441  0.09268545 -0.17271895]
[-0.10368195  0.10757503 -0.13724989]
[-0.10365327  0.09945489 -0.15689809]
[-0.10358696  0.10788062 -0.13695216]
[-0.10353962  0.09861936 -0.15875318]
[-0.10351957  0.08756255 -0.1842322 ]
[-0.1028965   0.11095766 -0.1145358 ]
[-0.10225676  0.08463136 -0.1901985 ]
[-0.10208918  0.11339657 -0.1087182 ]
[-0.10124406  0.11436645 -0.13048697]
[-0.10026658  0.11746607 -0.09928181]
[-0.09982892  0.08173507 -0.19893267]
[-0.09974257  0.11287867 -0.04014332]
[-0.09870965  0.11499405 -0.03911105]
[-0.09844378  0.11552436 -0.03884861]
[-0.09840661  0.07949091 -0.20623685]
[-0.09827694  0.11629408 -0.04576545]
[-0.09783418  0.12152218 -0.09022699]
[-0.0974107   0.11220718 -0.03906551]
[-0.09721796  0.11903986 -0.05028405]
[-0.09690894  0.07799096 -0.21047913]
[-0.09643901  0.0777054  -0.21163823]
[-0.09424295  0.12411571 -0.03737187]
[-0.09265814  0.13046652 -0.07015286]
[-0.0925986   0.13049535 -0.06913794]
[-0.09240243  0.1309747  -0.06986305]
[-0.09201484  0.13080393 -0.06965064]
[-0.09100784  0.10667659 -0.13232177]
[-0.08766748  0.07344614 -0.22579741]
[-0.08758952  0.07337055 -0.22595207]
[-0.08727242  0.07307794 -0.22653015]
[-0.07981764  0.14997547 -0.03268997]
[-0.07602972  0.15682829 -0.03512914]
[-0.07524146  0.06461983 -0.23938325]
[-0.07338872  0.06347425 -0.24082357]
[-0.07239565  0.16326851 -0.02956779]
[-0.07134197  0.06232142 -0.24202763]
[-0.06839555  0.06455051 -0.24213048]
[-0.06779225  0.15508147 -0.03054444]
[-0.06751675  0.17202268 -0.02845106]
[-0.06447878  0.17777592 -0.02771839]
[-0.06436333  0.17799348 -0.02771635]
[-0.06188706  0.23166669 -0.34060443]
[-0.06172347  0.23942162 -0.34124341]
[-0.06164535  0.22847848 -0.34041886]
[-0.06132856  0.18247984 -0.02787007]
[-0.06073307  0.24280125 -0.34175129]
[-0.06038419  0.24408481 -0.34219605]
[-0.06021415  0.22108105 -0.34020553]
[-0.05889571  0.24899517 -0.34392609]
[-0.05853292  0.21657084 -0.34027731]
[-0.05813298  0.2156076  -0.34030284]
[-0.05750428  0.07312741 -0.24563673]
[-0.05632027  0.25342629 -0.34571634]
[-0.05578428  0.20939325 -0.34150606]
[-0.05513631  0.07096206 -0.24694604]
[-0.05513388  0.06950699 -0.19552953]
[-0.05409709  0.25764586 -0.3473785 ]
[-0.05404323  0.25769476 -0.34740299]
[-0.05169722  0.20222893 -0.34347242]
[-0.05100151  0.26045804 -0.34882695]
[-0.04969172  0.2003337  -0.02835   ]
[-0.0475034   0.26388483 -0.35054077]
[-0.04612173  0.19143729 -0.34619043]
[-0.04401431  0.06080657 -0.25362154]
[-0.0428173   0.0597166  -0.25444709]
[-0.04254321  0.18718995 -0.34784141]
[-0.04184997  0.26685165 -0.35252326]
[-0.04167239  0.05865211 -0.25445904]
[-0.04146702  0.21368385 -0.02856617]
[-0.03976234  0.26781144 -0.35321377]
[-0.03920843  0.05634059 -0.25375506]
[-0.03908536  0.18301808 -0.34973253]
[-0.03859521  0.21768096 -0.02583809]
[-0.03792739  0.21859017 -0.02521945]
[-0.03733838  0.09112622 -0.07195456]
[-0.03707114  0.26831903 -0.3538805 ]
[-0.03561001  0.22143144 -0.02331625]
[-0.03538943  0.25018014 -0.34864642]
[-0.03514413  0.26867224 -0.35446397]
[-0.03389213  0.1755033  -0.35275991]
[-0.03186288  0.17371623 -0.35377065]
[-0.03116615  0.0488366  -0.25289874]
[-0.03039419  0.17241204 -0.35419836]
[-0.02953675  0.22935283 -0.01795962]
[-0.02942683  0.26972361 -0.35619612]
[-0.02642616  0.23221107 -0.00233261]
[-0.02618141  0.26967787 -0.35697932]
[-0.02506742  0.23367998  0.0052329 ]
[-0.02478878  0.23443     0.00828999]
[-0.02402598  0.16670991 -0.3560528 ]
[-0.02316611  0.23678587  0.00971675]
[-0.02287192  0.17798384 -0.35642321]
[-0.02096611  0.16397007 -0.35694384]
[-0.01904227  0.26972196 -0.35874723]
[-0.01790392  0.16229604 -0.35783853]
[-0.01717548  0.24563115  0.01498066]
[-0.01490525  0.26927764 -0.35962543]
[-0.01325596  0.23092132  0.01890442]
[-0.01233864  0.25346023  0.02475895]
[-0.01196541  0.25416836  0.02553325]
[-0.01101207  0.26892296 -0.36003929]
[-0.00888789  0.15738065 -0.35857357]
[-0.00793163  0.26858596 -0.3603431 ]
[-0.00709939  0.26244013  0.03112708]
[-0.00499262  0.15550083 -0.35887216]
[-0.00491821  0.02937121 -0.25073842]
[-0.00311088  0.26729929  0.03524269]
[0.00045945 0.27154524 0.03890145]
[ 0.00154211  0.02401762 -0.25013567]
[ 0.00199143  0.26650175 -0.36090249]
[ 0.00348314  0.15431824 -0.35929553]
[ 0.00361989  0.15428907 -0.35930315]
[ 0.00659714  0.20032706 -0.04520141]
[0.00681238 0.28071985 0.06004036]
[ 0.00726434  0.15373365 -0.36058578]
[ 0.0092154   0.26409541 -0.36093646]
[0.01186869 0.28666671 0.06462333]
[ 0.01360501  0.26236275 -0.36084356]
[ 0.01563808  0.01284855 -0.24526339]
[ 0.01568597  0.26170377 -0.36013553]
[ 0.01678855  0.15418181 -0.36331835]
[0.01837652 0.2939439  0.07038618]
[ 0.01842965  0.01064792 -0.24422001]
[ 0.02101058  0.01132163 -0.2244428 ]
[0.02267432 0.30067721 0.07488636]
[ 0.02324739  0.1583297  -0.36391816]
[ 0.02340881 -0.0025216  -0.24035795]
[ 0.02381085 -0.00368413 -0.24028107]
[ 0.02498572  0.24539931 -0.35536674]
[ 0.02714119  0.2566204  -0.35606316]
[ 0.02730853  0.25651437 -0.35599986]
[ 0.02920268  0.25496864 -0.35626689]
[0.03064945 0.31286964 0.07663596]
[ 0.0312087   0.16155731 -0.3613839 ]
[0.03170592 0.3191168  0.04977728]
[ 0.03199816  0.25198317 -0.35664446]
[0.03283379 0.31894736 0.06639668]
[0.03392546 0.31871182 0.07716815]
[0.03396894 0.32298266 0.04442213]
[ 0.03423498  0.25020205 -0.35696084]
[ 0.03481783  0.18736726 -0.3579479 ]
[0.03522743 0.32522311 0.02884736]
[0.03574744 0.32605452 0.02497524]
[0.03638801 0.3266041  0.02161584]
[0.0364056  0.32640604 0.03911495]
[0.03645432 0.22221154 0.05326949]
[ 0.03720495  0.16198236 -0.3596636 ]
[ 0.03875364  0.34515336 -0.07895003]
[ 0.03934096  0.16408002 -0.36165346]
[ 0.04021877  0.34614581 -0.07073187]
[ 0.04033855  0.34577714 -0.0661889 ]
[0.0405449  0.32930046 0.00240126]
[ 0.04101745  0.24441923 -0.35865508]
[ 0.04132827  0.34342193 -0.05379074]
[ 0.04183981  0.33107798 -0.00637073]
[ 0.04187014  0.17002676 -0.36407302]
[ 0.04191074  0.33222967 -0.00998463]
[ 0.0421122   0.3339175  -0.01475424]
[ 0.04235903  0.33598536 -0.02059777]
[ 0.04240709 -0.00780877 -0.2371738 ]
[ 0.04258581  0.34036116 -0.03555491]
[ 0.04267388  0.35114476 -0.08566929]
[ 0.04268185  0.33823443 -0.02665968]
[ 0.04291995  0.33953634 -0.03028937]
[ 0.04417408 -0.00936628 -0.23686802]
[0.04423988 0.31456574 0.03623613]
[ 0.04467957  0.35408629 -0.08804148]
[ 0.04486067  0.33688722 -0.0776159 ]
[ 0.04506199  0.35464094 -0.08849   ]
[ 0.04507986  0.35466047 -0.08850707]
[ 0.04510248  0.35468498 -0.08852854]
[ 0.04628806  0.23542349 -0.36022581]
[ 0.04629579 -0.00018191 -0.11494954]
[ 0.04683111  0.17846363 -0.36875984]
[ 0.04723927  0.330435   -0.01900908]
[ 0.04925262  0.23055199 -0.36092409]
[ 0.05030099  0.2290813  -0.36116943]
[ 0.05151536  0.36270132 -0.09526722]
[ 0.05288545  0.184935   -0.37023464]
[ 0.05352678  0.18989235 -0.36884167]
[ 0.05416614  0.36454561 -0.09715756]
[ 0.05557236  0.36564449 -0.09823378]
[ 0.05592411  0.20288434 -0.36436695]
[ 0.0563327   0.21597546 -0.36261039]
[ 0.0569145   0.20765663 -0.36279407]
[ 0.05881007 -0.02214825 -0.22711542]
[ 0.05995788  0.37081581 -0.0982159 ]
[ 0.06237239  0.37277661 -0.09821323]
[ 0.06654429 -0.02672109 -0.22224302]
[ 0.06661625  0.37590037 -0.09821117]
[0.06872225 0.30688166 0.09934771]
[ 0.0692497  -0.02733286 -0.22066602]
[ 0.07580046  0.37975299 -0.09823025]
[ 0.07651988  0.38007486 -0.09823158]
[ 0.0769142   0.38021471 -0.09823261]
[ 0.07924609  0.38043214 -0.09824362]
[ 0.08041829 -0.02999403 -0.21527202]
[ 0.08087241 -0.02771518 -0.19540878]
[ 0.0853779  -0.03363206 -0.21233676]
[ 0.0873243   0.38122743 -0.09828141]
[ 0.09105707 -0.03752165 -0.20690311]
[ 0.09241946 -0.03801137 -0.20571428]
[ 0.0924888   0.38118875 -0.09926569]
[ 0.09677852  0.38056429 -0.10002881]
[ 0.09894453  0.08956833 -0.01703496]
[ 0.10170099 -0.04100984 -0.19649466]
[ 0.10662219 -0.06280438 -0.05900241]
[ 0.10890937  0.34112522 -0.09872449]
[ 0.11198653 -0.03655493 -0.18901599]
[ 0.11546476  0.3759926  -0.10318282]
[ 0.11652133 -0.03600004 -0.18522258]
[ 0.11669913  0.28276731 -0.00752103]
[0.11770539 0.22310909 0.13120852]
[ 0.11982225  0.37525653 -0.10339044]
[ 0.12148122  0.37489063 -0.10345961]
[ 0.12355855 -0.0349663  -0.1790678 ]
[ 0.12421492  0.37401696 -0.1035424 ]
[ 0.13111768 -0.07227858 -0.04094687]
[ 0.13285117 -0.07048293 -0.05204702]
[ 0.13666985 -0.06727881 -0.07272755]
[ 0.13670212 -0.06724318 -0.07294523]
[ 0.13832858 -0.01828735 -0.14362402]
[ 0.13842915 -0.03044336 -0.16243138]
[ 0.13883917 -0.03023821 -0.16184779]
[ 0.13889082 -0.06466618 -0.08600256]
[ 0.14029805  0.36853552 -0.10399008]
[ 0.14050671 -0.06141747 -0.10123272]
[ 0.14232654 -0.05565949 -0.0566945 ]
[ 0.14296809 -0.0564893  -0.10933851]
[ 0.14319841 -0.05429626 -0.05713043]
[ 0.14433583 -0.05147129 -0.11622176]
[ 0.14465355  0.36809167 -0.10246719]
[ 0.14540367 -0.02306966 -0.15468032]
[ 0.14697132 -0.04810235 -0.05913891]
[ 0.14784641 -0.0418035  -0.13053685]
[ 0.14811859 -0.03906681 -0.1337206 ]
[ 0.14893421 -0.02413204 -0.14807046]
[ 0.15094827 -0.026296   -0.14292415]
[ 0.15120091 -0.02486879 -0.14432756]
[ 0.15125648 -0.02537445 -0.14362493]
[ 0.15134642 -0.02490219 -0.1439601 ]
[ 0.15279663 -0.03850294 -0.06225492]
[ 0.15580482  0.36623966 -0.09818847]
[ 0.15733116 -0.00059873 -0.07728292]
[ 0.16074605 -0.02426812 -0.06697722]
[0.1671909  0.17100011 0.03498137]
[ 0.16809522  0.36360399 -0.09315724]
[ 0.16873203 -0.00997508 -0.07706692]
[ 0.16890401 -0.00965676 -0.07728936]
[ 1.74125077e-01 -8.07878480e-05 -7.60663206e-02]
[ 0.17822839  0.34815413 -0.08196468]
[ 0.17937685  0.35595116 -0.09678076]
[ 0.18282772  0.35454473 -0.09641756]
[ 0.18558483  0.02084864 -0.06528397]
[ 0.18628186  0.0482422  -0.05199419]
[ 0.18909771  0.35194515 -0.0956778 ]
[ 0.18965788  0.02718397 -0.0619854 ]
[ 0.19593486  0.03683306 -0.05516618]
[ 0.19967677  0.04261963 -0.0516242 ]
[0.20022356 0.06631189 0.00620011]
[ 0.20119516  0.04551358 -0.04224927]
[ 0.20179867  0.04625297 -0.04945116]
[ 0.20471072  0.0521344  -0.02266106]
[ 0.20745285  0.05702566 -0.00803204]
[ 0.20949857  0.06056979 -0.00284127]
[ 0.21008985  0.06157444 -0.00137042]
[ 0.21050756  0.2606327  -0.05345498]
[0.21180594 0.06455792 0.01052889]
[0.21450394 0.06914109 0.01713199]
[0.21609031 0.07190281 0.02108946]
[ 0.21733019  0.32890314 -0.10992459]
[ 0.22069293  0.17669321 -0.3799709 ]
[ 0.22074471  0.17614323 -0.38027178]
[ 0.22120002  0.17910989 -0.37848378]
[ 0.22156197  0.3256497  -0.11219025]
[ 0.22183434  0.16061655 -0.3827524 ]
[ 0.22202664  0.16514408 -0.38192734]
[0.22259569 0.08310235 0.02848012]
[ 0.22289961  0.32481158 -0.11256955]
[ 0.22301599  0.15666824 -0.3832028 ]
[ 0.22334105  0.18952423 -0.37208518]
[ 0.22347839  0.1907674  -0.37134793]
[ 0.22355352  0.1910984  -0.37114298]
[ 0.22466051  0.19395535 -0.36927095]
[ 0.22565839  0.31902526 -0.11212522]
[ 0.2258533   0.32267178 -0.11331971]
[ 0.22627582  0.15160471 -0.38343252]
[ 0.22820911  0.20123067 -0.36626225]
[ 0.22821773  0.20124323 -0.36625679]
[ 0.22824278  0.20125855 -0.36624857]
[ 0.22941777  0.32089612 -0.11276899]
[ 0.23210058  0.31958773 -0.11236366]
[0.23281154 0.10050176 0.04005901]
[ 0.23409251  0.13918311 -0.38473215]
[ 0.23432704  0.13864379 -0.38480678]
[ 0.23452342  0.13829934 -0.38484636]
[ 0.23503642  0.13788009 -0.38484695]
[ 0.2354849   0.20606893 -0.36373446]
[ 0.23585414  0.16294771 -0.04294204]
[0.23592302 0.10562606 0.04356037]
[ 0.2370863   0.206865   -0.36428208]
[0.2380621  0.13078062 0.04909057]
[0.23930083 0.11098407 0.04733183]
[0.24135365 0.11428544 0.04866491]
[ 0.24352451  0.13179679 -0.3846742 ]
[ 0.24364719  0.20776661 -0.36655072]
[ 0.24661234  0.20876541 -0.36756974]
[0.24754471 0.12456745 0.05272362]
[ 0.249628    0.20907203 -0.36861365]
[ 0.25086561  0.12629449 -0.38457636]
[0.25127807 0.13139522 0.04561532]
[0.25135493 0.13154625 0.04545935]
[ 0.25159095  0.14366106 -0.00966559]
[ 0.25195466  0.2092169  -0.36942002]
[0.253058   0.13755806 0.01808673]
[ 0.25327692  0.12455423 -0.38392679]
[ 0.25411326  0.12391727 -0.38370714]
[0.25425747 0.1400946  0.00653216]
[ 0.25477504  0.14077132 -0.00881325]
[ 0.25519672  0.14166699 -0.00063262]
[ 0.25589148  0.1427313  -0.01186517]
[ 0.25641219  0.20947999 -0.37130334]
[ 0.25655805  0.1439102  -0.01316554]
[ 0.25693462  0.30620097 -0.11085062]
[ 0.26053428  0.17360542 -0.37277744]
[ 0.26232732  0.20846972 -0.37379242]
[ 0.26234748  0.15481757 -0.02494435]
[ 0.26376675  0.15748941 -0.02883467]
[ 0.26689478  0.29960042 -0.11005121]
[ 0.26719587  0.20831138 -0.37584609]
[ 0.26727426  0.16337031 -0.03732087]
[ 0.2688841   0.29756815 -0.11114497]
[ 0.26947935  0.28122963 -0.10723907]
[ 0.27026559  0.2076302  -0.37713666]
[ 0.27066264  0.16928433 -0.04244858]
[ 0.27082134  0.20590731 -0.0782015 ]
[ 0.27095389  0.20746709 -0.37709724]
[ 0.27144189  0.11910626 -0.37773582]
[ 0.27267303  0.11875665 -0.3773129 ]
[ 0.27269329  0.11876055 -0.3773043 ]
[ 0.27293321  0.11880474 -0.37723024]
[ 0.27748537  0.28877527 -0.11587249]
[ 0.27859368  0.18313865 -0.0542973 ]
[ 0.27915342  0.18415852 -0.05517467]
[ 0.28006699  0.20432156 -0.37644177]
[ 0.28119945  0.18738393 -0.05789064]
[ 0.28149047  0.20351673 -0.37629696]
[ 0.28261856  0.12066824 -0.37422907]
[ 0.28284101  0.18996131 -0.06005953]
[ 0.2858113   0.28322065 -0.11526113]
[ 0.28782491  0.19556685 -0.0768735 ]
[ 0.28839966  0.19871162 -0.37547248]
[ 0.28861551  0.12182262 -0.37237073]
[ 0.2909302   0.27918572 -0.11444172]
[ 0.29163619  0.27841942 -0.11473218]
[ 0.29222144  0.19500097 -0.37487395]
[ 0.29294474  0.19428425 -0.3746108 ]
[ 0.29439212  0.20646618 -0.08283906]
[ 0.29482561  0.12632287 -0.36996698]
[ 0.29520839  0.12658755 -0.36967409]
[ 0.29628273  0.1910418  -0.37341315]
[ 0.29676126  0.2097569  -0.08471221]
[ 0.29678843  0.27202505 -0.1169132 ]
[ 0.29749951  0.19007587 -0.37303233]
[ 0.29851986  0.12904091 -0.36708633]
[ 0.29946206  0.18725391 -0.37209189]
[ 0.3009622   0.21443969 -0.09068124]
[ 0.30328309  0.26442224 -0.11962753]
[ 0.30413126  0.18091537 -0.36995131]
[ 0.30489736  0.13775027 -0.36078774]
[ 0.30494271  0.1798026  -0.36940519]
[ 0.30524955  0.13825795 -0.36068089]
[ 0.30599486  0.13920828 -0.36045662]
[ 0.30621275  0.13973086 -0.36038745]
[ 0.30651473  0.14090693 -0.36028494]
[ 0.30659401  0.22134419 -0.09944212]
[ 0.30692573  0.25826679 -0.1212944 ]
[ 0.30736048  0.17216408 -0.36606963]
[ 0.30824467  0.24075906 -0.12306529]
[ 0.30893205  0.2246722  -0.10363807]
[ 0.30928355  0.1671272  -0.36382704]
[ 0.30970492  0.2540646  -0.1225284 ]
[ 0.30981904  0.15126865 -0.35920016]
[ 0.30984521  0.16310229 -0.36216283]
[ 0.31026066  0.15527858 -0.35901655]
[ 0.31027318  0.15491612 -0.35901835]
[ 0.31029197  0.25290012 -0.12281021]
[ 0.31288261  0.22978478 -0.11010959]
[ 0.31308609  0.23002908 -0.11047515]
[ 0.31354922  0.24644176 -0.12436918]
[ 0.31382477  0.24579864 -0.12450844]
[ 0.31428759  0.24362682 -0.12482555]
[ 0.31436184  0.24343791 -0.12469238]
[ 0.3154177   0.23327513 -0.11523889]
[ 0.31630636  0.23569811 -0.11858047]
[ 0.31647564  0.23678339 -0.12001967]
[ 0.31672126  0.23817126 -0.12096919]