[-0.23504117 -0.24347291  0.00945477]
[-0.23502464 -0.24363738  0.00940012]
[-0.23445384 -0.24670317  0.0079046 ]
[-0.23426906 -0.23804974  0.01175828]
[-0.23402347 -0.23171702  0.01595075]
[-0.23372816 -0.23394134  0.01348657]
[-0.23333427 -0.25556251  0.00316671]
[-0.2328289  -0.22194252  0.0258085 ]
[-0.231966   -0.21930086  0.0282623 ]
[-0.23071443 -0.21647738  0.03075673]
[-0.23055956 -0.21583676  0.03137298]
[-0.22979858 -0.26280812  0.00134987]
[-0.22736834 -0.20643573  0.03274743]
[-0.22734284 -0.20298776  0.04281019]
[-0.22657254 -0.26994314 -0.00064008]
[-0.22628945 -0.27038471 -0.00069769]
[-0.22554149 -0.20083407  0.04989423]
[-0.22472424 -0.19989606  0.05327664]
[-0.22226641 -0.19582488  0.06733606]
[-0.22218851 -0.27739035 -0.00129658]
[-0.22185927 -0.1948019   0.07074886]
[-0.22146519 -0.27846585 -0.00132077]
[-0.21956762 -0.19206964  0.08055056]
[-0.21873992 -0.19190667  0.08562878]
[-0.21801556 -0.19175261  0.09039353]
[-0.21554927 -0.19164216  0.09501001]
[-0.21388462 -0.19153388  0.09907136]
[-0.21372188 -0.28687282 -0.00311768]
[-0.21342318 -0.27681943  0.00532875]
[-0.21267576 -0.28776531 -0.00316079]
[-0.21193054 -0.20945177  0.03086003]
[-0.21110953 -0.18960627  0.1041488 ]
[-0.20790076 -0.18852415  0.10665967]
[-0.20553311 -0.16494458 -0.05264334]
[-0.20540216 -0.16642696 -0.05324159]
[-0.20491379 -0.17117125 -0.05541875]
[-0.20474355 -0.17217671 -0.05585773]
[-0.20473682 -0.15368012 -0.04766255]
[-0.20356847 -0.17727964 -0.05798117]
[-0.20322    -0.141657   -0.04218443]
[-0.20266422 -0.18198471 -0.05947491]
[-0.20250705 -0.13884467 -0.04081611]
[-0.20161221 -0.18451697 -0.06012362]
[-0.20007579 -0.12997158 -0.04060111]
[-0.19954017 -0.18614576  0.11190932]
[-0.19788899 -0.18587732  0.11235634]
[-0.19751738 -0.12130331 -0.04030987]
[-0.19733367 -0.18939153 -0.06513773]
[-0.19620045 -0.19211323  0.09373732]
[-0.1960885  -0.29462725 -0.00847841]
[-0.19424286 -0.10931425 -0.03378877]
[-0.19389206 -0.18210041 -0.05710927]
[-0.19382722 -0.19386822 -0.06976528]
[-0.19371454 -0.19413459 -0.06987472]
[-0.19324507 -0.10636247 -0.03207982]
[-0.19226891 -0.18746457  0.11496741]
[-0.19024243 -0.20018304 -0.07090572]
[-0.18940377 -0.09010875  0.0582268 ]
[-0.18924892 -0.08887045  0.05431895]
[-0.18917891 -0.0886547   0.0535442 ]
[-0.18853102 -0.09025241  0.06917041]
[-0.18847547 -0.09041971  0.07059904]
[-0.1884006  -0.08689357  0.04676903]
[-0.18827034 -0.09101563  0.07562534]
[-0.18756131 -0.08500092  0.03843707]
[-0.18749113 -0.09180299  0.07791441]
[-0.18684618 -0.08311051  0.030431  ]
[-0.18654877 -0.08697599 -0.03079092]
[-0.18638875 -0.18910394  0.11777118]
[-0.18621575 -0.08151521  0.02630354]
[-0.18538645 -0.09414414  0.08653856]
[-0.18417688 -0.09520097  0.08820956]
[-0.18356181 -0.07836556 -0.03021605]
[-0.18304541 -0.07684497 -0.03011661]
[-0.18272403 -0.076069   -0.030055  ]
[-0.18214357 -0.19071604  0.11835146]
[-0.18066913 -0.09469312  0.05239061]
[-0.17997074 -0.19149806  0.11879371]
[-0.17937115 -0.06696406 -0.01215879]
[-0.1785598  -0.09475281  0.09338352]
[-0.17852959 -0.09475039  0.09341056]
[-0.17850554 -0.09474841  0.09342222]
[-0.17847971 -0.09474626  0.09343052]
[-0.1781941  -0.06439634 -0.018923  ]
[-0.17798291 -0.0646506  -0.03511002]
[-0.17752645 -0.06354768 -0.03486147]
[-0.17728472 -0.21996954 -0.07173263]
[-0.1752327  -0.22297219 -0.07172177]
[-0.17481524 -0.05677746 -0.03340243]
[-0.17389071 -0.22472741 -0.07148864]
[-0.17244027 -0.30649112 -0.01767364]
[-0.17058798 -0.19738706  0.12175833]
[-0.17055402 -0.1265828  -0.02784909]
[-0.17005229 -0.09405021  0.09714008]
[-0.16949091 -0.30577519 -0.02027449]
[-0.16704595 -0.06445425 -0.02709108]
[-0.16659211 -0.23258406 -0.07141717]
[-0.16586554 -0.2304528  -0.06492162]
[-0.16562985 -0.20071774  0.1229213 ]
[-0.16539724 -0.25057555  0.04520797]
[-0.16536462 -0.30528137 -0.02249527]
[-0.16495183 -0.09588196  0.09983313]
[-0.16270112 -0.23879093 -0.06994958]
[-0.16044099 -0.30830149 -0.02204127]
[-0.15977209 -0.30721647 -0.01823274]
[-0.15768243 -0.30999357 -0.02178691]
[-0.15681969 -0.31023267 -0.02195683]
[-0.1555491  -0.09951148  0.10257789]
[-0.15266601 -0.20921035  0.12636062]
[-0.15183981 -0.20976992  0.126546  ]
[-0.14760498 -0.21331446  0.12779674]
[-0.14721039 -0.2136461   0.12791389]
[-0.1449664  -0.25630288 -0.07089404]
[-0.14476894 -0.21800489  0.12177484]
[-0.14371709 -0.21644808  0.12934986]
[-0.1416767  -0.10507108  0.10482874]
[-0.14142988 -0.25985555 -0.07113884]
[-0.14134149 -0.22265657  0.13272181]
[-0.13960812 -0.26120868 -0.07082038]
[-0.13644018 -0.10718958  0.10550377]
[-0.13266731 -0.31695545 -0.02675516]
[-0.13239589 -0.23255163  0.13791308]
[-0.13200086 -0.10902195  0.10575638]
[-0.13021515 -0.10974734  0.10596056]
[-0.12987827 -0.3189233  -0.02628282]
[-0.12975206 -0.20477024 -0.01740978]
[-0.12920684 -0.26930106 -0.06934395]
[-0.12884718 -0.2364925   0.14013394]
[-0.12786444 -0.2375723   0.14062892]
[-0.12581787 -0.11049874  0.10637709]
[-0.12519332 -0.27211534 -0.0690374 ]
[-0.12503376 -0.112106    0.10432269]
[-0.1244379  -0.11333548  0.10672456]
[-0.12319669 -0.27081175 -0.06554047]
[-0.12229713 -0.27414614 -0.0688162 ]
[-0.1203483  -0.11313342  0.10703687]
[-0.11824085 -0.27547838 -0.06979696]
[-0.11805634 -0.27554591 -0.06984855]
[-0.11776031 -0.27564848 -0.06992551]
[-0.11711778 -0.29019214  0.07859083]
[-0.11710898 -0.27587707 -0.07009775]
[-0.11620193 -0.25053552  0.14805145]
[-0.11474483 -0.25215555  0.14898326]
[-0.11453588 -0.25238581  0.14909554]
[-0.11351964 -0.25350178  0.14960056]
[-0.11351238 -0.32829217 -0.02232037]
[-0.11164292 -0.11654503  0.10802183]
[-0.11014773 -0.33028051 -0.02153974]
[-0.10766713 -0.08906602  0.0419508 ]
[-0.10729733 -0.30673565 -0.00708652]
[-0.10555914 -0.33016172 -0.02327898]
[-0.10530528 -0.2616629   0.15322454]
[-0.10164489 -0.26546104  0.1442503 ]
[-0.09996343 -0.26361311  0.15379136]
[-0.09840432 -0.27932865 -0.07814583]
[-0.09623749 -0.2795696  -0.07900004]
[-0.09523354 -0.32845445 -0.02623977]
[-0.09154094 -0.32984    -0.02480458]
[-0.09125733 -0.26705593  0.15370965]
[-0.09047021 -0.26725757  0.15365791]
[-0.08964499 -0.33058117 -0.02410898]
[-0.08830414 -0.33092618 -0.02336857]
[-0.08603539 -0.12770061  0.10789456]
[-0.08019996 -0.27005583  0.15139147]
[-0.0790748  -0.33353841 -0.0186015 ]
[-0.07803529 -0.28204519 -0.0863977 ]
[-0.07763933 -0.27075798  0.15078378]
[-0.07682642 -0.13143727  0.10859166]
[-0.07681002 -0.33379656 -0.01690076]
[-0.07680368 -0.28204454 -0.08709072]
[-0.07488681 -0.13227104  0.10861227]
[-0.07429632 -0.27179167  0.15002474]
[-0.07343803 -0.33421687 -0.01441843]
[-0.0708768  -0.33445407 -0.01269438]
[-0.06817371 -0.27384922  0.14770787]
[-0.06687248 -0.33347842 -0.00833286]
[-0.0655882  -0.28115767 -0.09280306]
[-0.06411171 -0.28090649 -0.09346374]
[-0.06366343 -0.33259528 -0.00471225]
[-0.06349372 -0.26473858 -0.08282719]
[-0.05856153 -0.3293041   0.00337897]
[-0.05839167 -0.32921512  0.00377424]
[-0.05826586 -0.32914459  0.0040769 ]
[-0.05822772 -0.32910635  0.00420473]
[-0.05733304 -0.27739127  0.14417516]
[-0.05701899 -0.05793924 -0.06378165]
[-0.05681368 -0.28661854 -0.08840011]
[-0.05531808 -0.13926381  0.10869265]
[-0.05454292 -0.14968157  0.08542852]
[-0.05304119 -0.14008237  0.10869072]
[-0.05240083 -0.32567752  0.01856959]
[-0.05106867 -0.29090308 -0.08428406]
[-0.05084567 -0.31606818  0.04101126]
[-0.05081307 -0.32389578  0.02429755]
[-0.049039   -0.29177526 -0.08243664]
[-0.04855847 -0.32228288  0.03046826]
[-0.04825763 -0.32211057  0.03119981]
[-0.04805299 -0.2806846   0.13967861]
[-0.04382567 -0.31765434  0.03673971]
[-0.0436649  -0.28223696  0.13757999]
[-0.0421736  -0.14985723  0.10924011]
[-0.04189911 -0.31729232  0.04344909]
[-0.04007968 -0.1519212   0.10896356]
[-0.03997155 -0.28540812  0.13597053]
[-0.03794558 -0.31403081  0.05033985]
[-0.03749112 -0.29383347 -0.07686165]
[-0.03670677 -0.28911969  0.10932797]
[-0.03667292 -0.29396893 -0.07646385]
[-0.03577575 -0.15610376  0.10852176]
[-0.03573508 -0.15614097  0.10852249]
[-0.03560816 -0.15614545  0.10849805]
[-0.03522599 -0.29371743 -0.07562812]
[-0.03512122 -0.28961934  0.13256133]
[-0.03401631 -0.3112131   0.05834553]
[-0.0335802  -0.31090295  0.05922801]
[-0.03348843 -0.31085133  0.05938164]
[-0.03340358 -0.31079151  0.0595521 ]
[-0.03123045 -0.30898578  0.06456115]
[-0.03064599 -0.29350607  0.12938316]
[-0.03041002 -0.29362189  0.12921969]
[-0.02924493 -0.19633979 -0.03638446]
[-0.02536644 -0.29596168  0.12338973]
[-0.02504103 -0.29611095  0.1229846 ]
[-0.02403238 -0.2914813  -0.0690846 ]
[-0.02383195 -0.3028759   0.08152578]
[-0.02355183 -0.30248681  0.0825389 ]
[-0.02213793 -0.30033617  0.08809144]
[-0.0216566  -0.29748115  0.11563765]
[-0.0216392  -0.28991671 -0.06739298]
[-0.02132949 -0.29751962  0.11331273]
[-0.0189945  -0.29551115  0.10370235]
[-0.01886303 -0.29543875  0.10328781]
[-0.0185809  -0.29488496  0.10115883]
[-0.01837256 -0.29445733  0.09952857]
[-0.01821788 -0.2874991  -0.066752  ]
[-0.01264893 -0.2833175  -0.06574285]
[-0.00881065 -0.27862349 -0.06529857]
[-0.00620358 -0.27463557 -0.0651077 ]
[-0.00566409 -0.27123593 -0.05729878]
[-0.00557848 -0.26606073 -0.04591705]
[-0.00497521 -0.26469168 -0.04504055]
[-0.00278222 -0.25913079 -0.04164646]
[ 0.00155657 -0.24962145 -0.03546249]
[ 0.00178986 -0.24913754 -0.03513973]
[ 0.00304351 -0.14470119  0.03478646]
[ 0.00461892 -0.24342983 -0.03187109]
[ 0.01080956 -0.15818957  0.10142059]
[ 0.01127974 -0.15807693  0.10134174]
[ 0.01269206 -0.23177883 -0.02393415]
[ 0.0131982  -0.2310858  -0.02438831]
[ 0.02115662 -0.1558791   0.09907645]
[ 0.02414811 -0.15530615  0.09805492]
[ 0.02422459 -0.15708279  0.09154884]
[ 0.03043646 -0.16291319  0.09595016]
[ 0.03072531 -0.163085    0.09585263]
[ 0.03119747 -0.21085592 -0.03815796]
[ 0.03162929 -0.21035302 -0.03838016]
[ 0.03811566 -0.16753052  0.09350855]
[ 0.03900986 -0.20143596 -0.04228909]
[ 0.04001341 -0.14998041 -0.06017536]
[ 0.04403436 -0.17093905  0.09116948]
[ 0.04629579 -0.00018191 -0.11494954]
[ 0.04635674 -0.192978   -0.04603565]
[ 0.04653511 -0.17289198  0.0901868 ]
[ 0.04999636 -0.17579563  0.08790619]
[ 0.0503656  -0.18134053  0.05324951]
[ 0.05079284 -0.17660759  0.08672167]
[ 0.0516293  -0.18133807  0.06558236]
[ 0.05181673 -0.18122085  0.06882186]
[ 0.05220967 -0.18078291  0.0720847 ]
[ 0.052574   -0.17863748  0.08309035]
[ 0.05297542 -0.17979177  0.07907493]
[ 0.05304045 -0.18000931  0.07828428]
[ 0.05412652 -0.17461232  0.04550063]
[ 0.05825782 -0.16863419  0.03833918]
[ 0.061145   -0.17681522 -0.05736314]
[ 0.06264263 -0.16215955  0.02859506]
[ 0.06381652 -0.16050574  0.02608163]
[ 0.0650215  -0.15913844  0.02389706]
[ 0.06800006 -0.14752179  0.00863652]
[ 0.0685028  -0.16916072 -0.06469978]
[ 0.06943646 -0.15380789  0.01550886]
[ 0.07097929 -0.15214248  0.01041263]
[ 0.0734457  -0.16355734 -0.06985408]
[ 0.07402954 -0.10202695 -0.00656094]
[ 0.07583059 -0.14564212  0.00824817]
[ 0.07867839 -0.12135704 -0.09548375]
[ 0.07929588 -0.14099138  0.00678461]
[ 0.08203061 -0.15398921 -0.0794416 ]
[ 0.08418363 -0.13453875  0.00475654]
[ 0.08557269 -0.14982243 -0.08351652]
[ 0.09130647 -0.12521552  0.00182815]
[ 0.09464787 -0.13738537 -0.08653416]
[ 0.0947292  -0.13726829 -0.08653754]
[ 0.1008705  -0.11279943 -0.00337614]
[ 0.1021442  -0.11098669 -0.00413132]
[ 0.10352102 -0.10897572 -0.00439512]
[ 0.1038764  -0.1235007  -0.08706648]
[ 0.10662219 -0.06280438 -0.05900241]
[ 0.1109297  -0.09827906 -0.00579518]
[ 0.11166788 -0.097325   -0.00708012]
[ 0.11284128 -0.10728358 -0.0765066 ]
[ 0.11637816 -0.10136097 -0.07255229]
[ 0.11905297 -0.09676997 -0.06895543]
[ 0.12313504 -0.08335089 -0.02578859]
[ 0.12481545 -0.08130642 -0.02855401]
[ 0.12484345 -0.08552659 -0.0605397 ]
[ 0.13111768 -0.07227858 -0.04094687]
[ 0.13285117 -0.07048293 -0.05204702]
[ 0.13654819 -0.06749495 -0.07277923]
[ 0.13666985 -0.06727881 -0.07272755]
[ 0.13670212 -0.06724318 -0.07294523]