[-0.04146702  0.21368385 -0.02856617]
[-0.03976068  0.2170735  -0.03122736]
[-0.03859521  0.21768096 -0.02583809]
[-0.03792739  0.21859017 -0.02521945]
[-0.03561001  0.22143144 -0.02331625]
[-0.03412054  0.2278913  -0.03981663]
[-0.03354708  0.22867881 -0.03931515]
[-0.02953675  0.22935283 -0.01795962]
[-0.02642616  0.23221107 -0.00233261]
[-0.02506742  0.23367998  0.0052329 ]
[-0.02478878  0.23443     0.00828999]
[-0.02316611  0.23678587  0.00971675]
[-0.02124786  0.24381379 -0.02942144]
[-0.01983125  0.24534145 -0.02838775]
[-0.01717548  0.24563115  0.01498066]
[-0.01325596  0.23092132  0.01890442]
[-0.01233864  0.25346023  0.02475895]
[-0.01196541  0.25416836  0.02553325]
[-0.00764514  0.26067733 -0.03014045]
[-0.00709939  0.26244013  0.03112708]
[-0.00680754  0.26181609 -0.03024685]
[-0.00484899  0.264438   -0.03050242]
[-0.00311088  0.26729929  0.03524269]
[0.00045945 0.27154524 0.03890145]
[ 0.00275894  0.27593307 -0.03127735]
[ 0.00655141  0.2816233  -0.03119901]
[ 0.00659714  0.20032706 -0.04520141]
[0.00681238 0.28071985 0.06004036]
[0.01186869 0.28666671 0.06462333]
[ 0.01245496  0.29133917 -0.03082969]
[ 0.01424612  0.29435152 -0.03136607]
[ 0.01782549  0.30092351 -0.03238319]
[0.01837652 0.2939439  0.07038618]
[ 0.01851519  0.30184024 -0.03261384]
[0.02267432 0.30067721 0.07488636]
[ 0.02641047  0.28733009 -0.03773264]
[ 0.02782593  0.31466433 -0.02679608]
[0.03064945 0.31286964 0.07663596]
[ 0.03103589  0.31948329 -0.02463286]
[0.03170592 0.3191168  0.04977728]
[ 0.03246144  0.32148333 -0.02372763]
[0.03283379 0.31894736 0.06639668]
[0.03392546 0.31871182 0.07716815]
[0.03396894 0.32298266 0.04442213]
[0.03522743 0.32522311 0.02884736]
[0.03574744 0.32605452 0.02497524]
[0.03638801 0.3266041  0.02161584]
[0.0364056  0.32640604 0.03911495]
[0.03645432 0.22221154 0.05326949]
[ 0.03657391  0.3271437  -0.02115953]
[0.0405449  0.32930046 0.00240126]
[ 0.04183981  0.33107798 -0.00637073]
[ 0.04191074  0.33222967 -0.00998463]
[ 0.0421122   0.3339175  -0.01475424]
[ 0.04235903  0.33598536 -0.02059777]
[0.04423988 0.31456574 0.03623613]
[ 0.04723927  0.330435   -0.01900908]
[0.06872225 0.30688166 0.09934771]
[ 0.11669913  0.28276731 -0.00752103]
[0.11770539 0.22310909 0.13120852]
[0.1671909  0.17100011 0.03498137]