[-0.14864868  0.00477517 -0.06842664]
[-0.14823575  0.00563383 -0.06094748]
[-0.14764044  0.00760694 -0.04410042]
[-0.14749555  0.00760486 -0.07979464]
[-0.14734776  0.0078906  -0.0810331 ]
[-0.14640754  0.01037352 -0.02009639]
[-0.14623507  0.01073123 -0.01698026]
[-0.14614641  0.01074608  0.00085451]
[-0.14309618  0.01741559 -0.08189636]
[-0.14111193  0.02223086 -0.00839138]
[-0.14110172  0.00215588 -0.08279157]
[-0.14054798  0.02301137 -0.08542602]
[-0.13627053  0.03288786 -0.0169128 ]
[-0.1358144   0.03389856 -0.01823987]
[-0.13536601  0.0336588  -0.09253428]
[-0.12869752  0.04970273 -0.10190432]
[-0.12823674  0.0504885  -0.04003522]
[-0.1247877   0.0590148  -0.05117671]
[-0.12466117  0.05824668 -0.11844653]
[-0.12359166  0.06025509 -0.12248259]
[-0.12268234  0.01108695  0.00855254]
[-0.12082606  0.06499224 -0.13605521]
[-0.11957016  0.07115949 -0.05385377]
[-0.11938822  0.06667943 -0.14158198]
[-0.11564704  0.08023234 -0.05475898]
[-0.11495667  0.07182059 -0.15879482]
[-0.11470273  0.08223584 -0.05500698]
[-0.11462739  0.07223207 -0.16013286]
[-0.11339634  0.07316208 -0.16391635]
[-0.11227473  0.0740848  -0.16751455]
[-0.10531538  0.08249687 -0.18497266]
[-0.10273989  0.0675501  -0.06483818]
[-0.10225676  0.08463136 -0.1901985 ]
[-0.10094634  0.11032456 -0.03982474]
[-0.10049836  0.04867763 -0.13497901]
[-0.09982892  0.08173507 -0.19893267]
[-0.09974257  0.11287867 -0.04014332]
[-0.09870965  0.11499405 -0.03911105]
[-0.09844378  0.11552436 -0.03884861]
[-0.09840661  0.07949091 -0.20623685]
[-0.0974107   0.11220718 -0.03906551]
[-0.09690894  0.07799096 -0.21047913]
[-0.09643901  0.0777054  -0.21163823]
[-0.09424295  0.12411571 -0.03737187]
[-0.08766748  0.07344614 -0.22579741]
[-0.08713452  0.07391386 -0.22610292]
[-0.08699431  0.0740608  -0.22621927]
[-0.08316397  0.14299515  0.01466662]
[-0.08316301  0.14288415  0.01583001]
[-0.08312207  0.14302392  0.01531432]
[-0.08294776  0.14330266  0.01637229]
[-0.08289572  0.14255013  0.01545774]
[-0.08223541  0.14577321  0.00700217]
[-0.07981764  0.14997547 -0.03268997]
[-0.07837019  0.15223719 -0.01261642]
[-0.07683852  0.15491499  0.03449702]
[-0.07649328  0.08320294 -0.23212838]
[-0.07600001  0.15672506 -0.02590922]
[-0.07235879  0.16389962  0.04837698]
[-0.07170411  0.08727849 -0.234682  ]
[-0.07141637  0.08758396 -0.23492666]
[-0.0711968   0.16671915  0.05259121]
[-0.06939632  0.08549763 -0.23705532]
[-0.06882404  0.17258413  0.06648637]
[-0.06830898  0.17446878  0.08205003]
[-0.06815971  0.17433297  0.08590923]
[-0.06808985  0.17475442  0.07147076]
[-0.06779225  0.15508147 -0.03054444]
[-0.06739095  0.17380453  0.09968824]
[-0.06739023  0.17381703  0.09963496]
[-0.06668184  0.17286875  0.10321734]
[-0.06605051  0.08204608 -0.24076151]
[-0.06441512  0.1718403   0.10619738]
[-0.06188706  0.23166669 -0.34060443]
[-0.06172347  0.23942162 -0.34124341]
[-0.06164535  0.22847848 -0.34041886]
[-0.06073307  0.24280125 -0.34175129]
[-0.06038419  0.24408481 -0.34219605]
[-0.06021415  0.22108105 -0.34020553]
[-0.05889571  0.24899517 -0.34392609]
[-0.05853292  0.21657084 -0.34027731]
[-0.05813298  0.2156076  -0.34030284]
[-0.0576423   0.16961158  0.11153124]
[-0.05750428  0.07312741 -0.24563673]
[-0.05701899 -0.05793924 -0.06378165]
[-0.05632027  0.25342629 -0.34571634]
[-0.05604273  0.16908829  0.11277795]
[-0.05578428  0.20939325 -0.34150606]
[-0.05513631  0.07096206 -0.24694604]
[-0.05513388  0.06950699 -0.19552953]
[-0.05409709  0.25764586 -0.3473785 ]
[-0.05404323  0.25769476 -0.34740299]
[-0.05169722  0.20222893 -0.34347242]
[-0.05100151  0.26045804 -0.34882695]
[-0.0475795   0.16688771  0.1169716 ]
[-0.0475034   0.26388483 -0.35054077]
[-0.04612173  0.19143729 -0.34619043]
[-0.04401431  0.06080657 -0.25362154]
[-0.04289756  0.15981037  0.11881678]
[-0.0428173   0.0597166  -0.25444709]
[-0.04254321  0.18718995 -0.34784141]
[-0.04184997  0.26685165 -0.35252326]
[-0.04167239  0.05865211 -0.25445904]
[-0.03976234  0.26781144 -0.35321377]
[-0.03920843  0.05634059 -0.25375506]
[-0.03908536  0.18301808 -0.34973253]
[-0.03733838  0.09112622 -0.07195456]
[-0.03707114  0.26831903 -0.3538805 ]
[-0.0369313   0.15154685  0.12041811]
[-0.03553395  0.14968672  0.12071842]
[-0.03538943  0.25018014 -0.34864642]
[-0.03514413  0.26867224 -0.35446397]
[-0.03389213  0.1755033  -0.35275991]
[-0.03318942  0.16912428  0.0988198 ]
[-0.03186288  0.17371623 -0.35377065]
[-0.03116615  0.0488366  -0.25289874]
[-0.03039419  0.17241204 -0.35419836]
[-0.02942683  0.26972361 -0.35619612]
[-0.02618141  0.26967787 -0.35697932]
[-0.02402598  0.16670991 -0.3560528 ]
[-0.02287192  0.17798384 -0.35642321]
[-0.02096611  0.16397007 -0.35694384]
[-0.02000426  0.12750725  0.03307777]
[-0.01904227  0.26972196 -0.35874723]
[-0.01790392  0.16229604 -0.35783853]
[-0.01642666  0.14804789  0.12764326]
[-0.01490525  0.26927764 -0.35962543]
[-0.01367085  0.14675096  0.12851641]
[-0.01217774  0.14604628  0.12899304]
[-0.0112147   0.1456293   0.12923357]
[-0.01101207  0.26892296 -0.36003929]
[-0.00888789  0.15738065 -0.35857357]
[-0.00793163  0.26858596 -0.3603431 ]
[-0.00499262  0.15550083 -0.35887216]
[-0.00491821  0.02937121 -0.25073842]
[ 0.00154211  0.02401762 -0.25013567]
[ 0.00199143  0.26650175 -0.36090249]
[ 0.00348314  0.15431824 -0.35929553]
[ 0.00361989  0.15428907 -0.35930315]
[ 0.00726434  0.15373365 -0.36058578]
[ 0.0092154   0.26409541 -0.36093646]
[ 0.01360501  0.26236275 -0.36084356]
[0.01407326 0.13424864 0.13631815]
[ 0.01563808  0.01284855 -0.24526339]
[ 0.01568597  0.26170377 -0.36013553]
[ 0.01678855  0.15418181 -0.36331835]
[0.01761442 0.1339935  0.13751122]
[ 0.01842965  0.01064792 -0.24422001]
[ 0.02101058  0.01132163 -0.2244428 ]
[ 0.02324739  0.1583297  -0.36391816]
[ 0.02498572  0.24539931 -0.35536674]
[ 0.02714119  0.2566204  -0.35606316]
[ 0.02730853  0.25651437 -0.35599986]
[ 0.02920268  0.25496864 -0.35626689]
[ 0.0312087   0.16155731 -0.3613839 ]
[ 0.03199816  0.25198317 -0.35664446]
[0.03355871 0.1331048  0.14093215]
[ 0.03423498  0.25020205 -0.35696084]
[ 0.03481783  0.18736726 -0.3579479 ]
[0.03685733 0.13292018 0.14164562]
[ 0.03720495  0.16198236 -0.3596636 ]
[ 0.03881332  0.01062508 -0.24007472]
[ 0.03934096  0.16408002 -0.36165346]
[ 0.04062788  0.01061446 -0.23994987]
[ 0.04101745  0.24441923 -0.35865508]
[ 0.04187014  0.17002676 -0.36407302]
[ 0.04628806  0.23542349 -0.36022581]
[ 0.04629579 -0.00018191 -0.11494954]
[ 0.04683111  0.17846363 -0.36875984]
[0.04771724 0.12088162 0.14126234]
[0.04820268 0.13615045 0.11510387]
[ 0.04925262  0.23055199 -0.36092409]
[ 0.04985183  0.00906799 -0.23878521]
[ 0.05030099  0.2290813  -0.36116943]
[ 0.05288545  0.184935   -0.37023464]
[ 0.05352678  0.18989235 -0.36884167]
[0.05544357 0.10727485 0.13978454]
[ 0.05592411  0.20288434 -0.36436695]
[ 0.0563327   0.21597546 -0.36261039]
[ 0.0569145   0.20765663 -0.36279407]
[0.05833213 0.10232021 0.13901801]
[ 0.05951896  0.00681348 -0.23315035]
[0.07355379 0.08707676 0.13805913]
[0.07674583 0.38297792 0.04091021]
[0.07706516 0.08367311 0.13772107]
[0.07735316 0.38426023 0.0469355 ]
[0.07784321 0.38484483 0.03907683]
[0.07955877 0.08129726 0.13743822]
[0.08022105 0.39035374 0.03406635]
[0.08033854 0.38810989 0.06809747]
[0.0807639  0.38870534 0.07009758]
[0.08113013 0.38906438 0.07153953]
[0.08300349 0.38533812 0.2381777 ]
[0.08300568 0.38580635 0.23662545]
[0.08308115 0.38776639 0.22997866]
[0.0831056  0.38512444 0.23865461]
[0.08322142 0.38930614 0.22457533]
[0.08368815 0.39013939 0.22077382]
[0.08404498 0.3907648  0.21801384]
[0.08481497 0.39195704 0.21255914]
[0.08482353 0.38822737 0.10413434]
[0.08486097 0.38253572 0.24326849]
[0.08488531 0.40096745 0.02437441]
[0.08529268 0.38890114 0.10095909]
[0.08553822 0.39072897 0.09453453]
[0.08589873 0.40334942 0.02221479]
[0.08593101 0.39247121 0.08807243]
[0.08650039 0.38056929 0.24608625]
[0.08670859 0.38050519 0.24640037]
[0.08742893 0.3945393  0.19870834]
[ 0.08784995  0.0143552  -0.22341876]
[0.08877418 0.37983802 0.24925618]
[0.08883563 0.3956956  0.19199775]
[0.08909012 0.41154335 0.01175406]
[0.08929134 0.39302816 0.11135747]
[0.0893323  0.41199882 0.01115528]
[0.08952037 0.41235261 0.01068972]
[0.09026369 0.39674512 0.18123872]
[0.0909863  0.39412767 0.13083275]
[0.09128319 0.39425918 0.13381386]
[0.09133857 0.39436462 0.13493972]
[0.09140981 0.39496699 0.13967484]
[ 0.09165022  0.01562365 -0.22173169]
[0.09175619 0.39794029 0.17311407]
[0.09177305 0.397918   0.17188612]
[0.09214414 0.39758897 0.16322233]
[0.09291833 0.06696771 0.13541215]
[0.09351681 0.41893238 0.00189815]
[ 0.09406784  0.01643061 -0.22065842]
[0.09460687 0.37753037 0.253779  ]
[ 9.51989555e-02  4.20278251e-01 -1.31175411e-04]
[ 0.09559895  0.42054998 -0.00055702]
[0.09628996 0.06371792 0.13458061]
[0.09710572 0.3830005  0.09483081]
[0.09889765 0.39312458 0.17853021]
[ 0.09894453  0.08956833 -0.01703496]
[ 0.09914733  0.42317993 -0.00278639]
[ 0.09926439  0.02735468 -0.20469392]
[0.10010581 0.3753526  0.25802494]
[0.10044747 0.37242476 0.25753413]
[0.10066263 0.37042905 0.25722545]
[0.10094691 0.36880273 0.25681496]
[0.10269646 0.35853338 0.25428938]
[ 0.10273469  0.42496247 -0.0043253 ]
[0.10310551 0.35604446 0.2536991 ]
[0.10412906 0.35397316 0.25368717]
[ 0.10442325  0.42547033 -0.00477947]
[0.1061211  0.07923803 0.11032661]
[ 0.10662219 -0.06280438 -0.05900241]
[ 0.10701044  0.01622474 -0.21294667]
[ 0.10742288  0.01621884 -0.21270015]
[0.1074229  0.41250466 0.00572803]
[ 0.10797988  0.42532056 -0.01015403]
[ 0.10894057  0.42532913 -0.01166319]
[0.10927572 0.34338099 0.25372913]
[0.10934722 0.06159588 0.13520821]
[0.11033748 0.34139341 0.25362401]
[ 0.11109509  0.4247436  -0.01433933]
[ 0.11278613  0.42424488 -0.01639395]
[0.11467313 0.33415477 0.25268939]
[0.11658362 0.33169352 0.25265621]
[ 0.11727826  0.42343453 -0.02031253]
[0.11810897 0.3634204  0.23179265]
[0.11907286 0.06004922 0.13562667]
[ 0.11986373  0.42239111 -0.02177585]
[ 0.12106655  0.01392207 -0.2036204 ]
[0.12298197 0.0595795  0.13557539]
[0.12303899 0.05954302 0.13556172]
[ 0.12462433  0.01047298 -0.19999883]
[0.12528443 0.32155539 0.25306178]
[0.12973149 0.31684228 0.25272292]
[0.13072392 0.34259323 0.0444815 ]
[ 0.13140085  0.41745612 -0.02792267]
[ 0.13150968  0.41740778 -0.02797819]
[ 0.13170008  0.41730541 -0.02805092]
[0.13276905 0.05332281 0.13321375]
[ 0.13670212 -0.06724318 -0.07294523]
[ 0.13710469 -0.00479122 -0.17861738]
[ 0.13761694  0.41412919 -0.03031756]
[ 0.13832858 -0.01828735 -0.14362402]
[0.13885421 0.3076379  0.25148679]
[ 0.13889082 -0.06466618 -0.08600256]
[ 0.14004589 -0.00839899 -0.17354966]
[ 0.14039954 -0.00901042 -0.17245333]
[ 0.14050671 -0.06141747 -0.10123272]
[ 0.14058686 -0.0096114  -0.17160898]
[ 0.14162586 -0.05921241 -0.07849759]
[ 0.14296809 -0.0564893  -0.10933851]
[ 0.14320402 -0.01721792 -0.16170593]
[0.14399744 0.04611013 0.1306185 ]
[0.14419007 0.30659603 0.24570319]
[ 0.14433583 -0.05147129 -0.11622176]
[ 0.14540367 -0.02306966 -0.15468032]
[0.1455374  0.30154745 0.25101098]
[ 0.14589913 -0.05066819 -0.08390433]
[ 0.1460376  -0.05039153 -0.08392242]
[0.1461647  0.04478906 0.12988288]
[ 0.14739144  0.40764366 -0.03625748]
[ 0.14784641 -0.0418035  -0.13053685]
[ 0.14811859 -0.03906681 -0.1337206 ]
[ 0.14893421 -0.02413204 -0.14807046]
[0.14965676 0.29621904 0.24968081]
[0.14980879 0.04268289 0.12826587]
[ 0.15094827 -0.026296   -0.14292415]
[ 0.15120091 -0.02486879 -0.14432756]
[ 0.15125648 -0.02537445 -0.14362493]
[0.15129019 0.32850597 0.15860059]
[ 0.15134642 -0.02490219 -0.1439601 ]
[ 0.15141908  0.40475631 -0.03816613]
[0.15421021 0.28916594 0.24744439]
[ 0.15733116 -0.00059873 -0.07728292]
[0.16196392 0.03549329 0.12277356]
[ 0.16233959  0.38904126 -0.02356812]
[0.16272493 0.03505629 0.12238907]
[ 0.1627971  -0.02050521 -0.08718444]
[ 0.16323799  0.39953285 -0.03819649]
[0.16338436 0.03470608 0.12196777]
[ 0.16570525 -0.0154049  -0.08251401]
[0.16588548 0.03339805 0.12030716]
[0.1676827  0.26807572 0.2416018 ]
[ 0.16848108 -0.01042591 -0.07798594]
[ 0.16890401 -0.00965676 -0.07728936]
[0.1691908  0.26689006 0.24160735]
[0.17075138 0.27002505 0.21670614]
[0.17107137 0.03555994 0.10177436]
[ 0.17109079  0.39701004 -0.03659182]
[ 1.74125077e-01 -8.07878480e-05 -7.60663206e-02]
[0.17844245 0.03361325 0.11659239]
[ 0.17943311  0.39500074 -0.03373717]
[0.17960949 0.03265913 0.11558322]
[0.18054797 0.25800587 0.24139381]
[0.18149146 0.25727582 0.24133039]
[0.18205052 0.03043147 0.11226728]
[0.18260233 0.07160815 0.06824767]
[ 0.18352757  0.39401117 -0.03233069]
[ 0.18357619  0.3939905  -0.03232893]
[0.1836307  0.02860719 0.10813527]
[0.18395759 0.02805555 0.10637529]
[ 0.18424945  0.39369091 -0.0322954 ]
[ 0.18558483  0.02084864 -0.06528397]
[ 0.18628186  0.0482422  -0.05199419]
[0.18648844 0.02958703 0.10285378]
[ 0.18680789  0.39243567 -0.03208837]
[0.18836155 0.0312216  0.09950964]
[0.18954494 0.03265593 0.0968055 ]
[ 0.18965788  0.02718397 -0.0619854 ]
[0.19043479 0.03382766 0.09551214]
[0.19367532 0.24234576 0.23732787]
[ 0.19593486  0.03683306 -0.05516618]
[0.19620645 0.24068645 0.23733083]
[0.1966932  0.04158769 0.0868022 ]
[0.19908511 0.04512731 0.08301223]
[ 0.19967677  0.04261963 -0.0516242 ]
[0.20022356 0.06631189 0.00620011]
[ 0.20119516  0.04551358 -0.04224927]
[ 0.20179867  0.04625297 -0.04945116]
[0.20320231 0.2655664  0.09613854]
[ 0.20471072  0.0521344  -0.02266106]
[ 0.20745285  0.05702566 -0.00803204]
[0.20838004 0.23379764 0.23556778]
[0.20888404 0.0604787  0.08229897]
[0.2089306  0.06048105 0.08106623]
[0.20929687 0.06060872 0.06514092]
[0.20941096 0.06072952 0.05556056]
[0.20945633 0.0607888  0.05328854]
[ 0.20949857  0.06056979 -0.00284127]
[0.20968483 0.0611564  0.03984736]
[0.20997926 0.06160696 0.02319671]
[0.20999586 0.06162767 0.02239379]
[ 0.21008985  0.06157444 -0.00137042]
[0.21180594 0.06455792 0.01052889]
[ 0.21308792  0.37964431 -0.03003154]
[0.21411437 0.23063579 0.23460201]
[0.21503587 0.22931359 0.23390859]
[0.21895212 0.22448099 0.23034751]
[ 0.22067687  0.17655684 -0.38055722]
[ 0.22074471  0.17614323 -0.38027178]
[ 0.22183434  0.16061655 -0.3827524 ]
[ 0.22202664  0.16514408 -0.38192734]
[ 0.22209228  0.18243065 -0.38426391]
[ 0.22301599  0.15666824 -0.3832028 ]
[ 0.22323094  0.37632191 -0.02666465]
[ 0.22330823  0.18751896 -0.38747639]
[ 0.22466858  0.18941215 -0.38853921]
[ 0.22476659  0.18956119 -0.38862421]
[ 0.22494473  0.35059254 -0.01322919]
[0.22604664 0.21527614 0.22424796]
[ 0.22627582  0.15160471 -0.38343252]
[ 0.23065804  0.19890465 -0.39086288]
[0.23116604 0.21438737 0.22377353]
[0.23250654 0.2481472  0.18648856]
[ 0.23409251  0.13918311 -0.38473215]
[ 0.23432533  0.37200165 -0.02263113]
[ 0.23432704  0.13864379 -0.38480678]
[ 0.23452342  0.13829934 -0.38484636]
[ 0.23503642  0.13788009 -0.38484695]
[ 0.23534027  0.20223299 -0.3909825 ]
[ 0.23753328  0.36888672 -0.02447603]
[0.23776666 0.28516327 0.0176272 ]
[0.23822699 0.21403727 0.22216181]
[ 0.23977013  0.2053456  -0.39108096]
[ 0.24352451  0.13179679 -0.3846742 ]
[ 0.24423518  0.20705903 -0.39060348]
[ 0.24692448  0.20804269 -0.38946907]
[ 0.24734949  0.20813197 -0.3892714 ]
[0.24954472 0.21347316 0.21958167]
[ 0.2495811   0.35725299 -0.03141324]
[ 0.25086561  0.12629449 -0.38457636]
[ 0.25327692  0.12455423 -0.38392679]
[ 0.25411326  0.12391727 -0.38370714]
[0.25536982 0.21404638 0.21730965]
[ 0.25537527  0.35344612 -0.03184823]
[ 0.25541905  0.2093193  -0.3853773 ]
[ 0.2589874   0.20912213 -0.38345468]
[ 0.26053428  0.17360542 -0.37277744]
[ 0.26146034  0.34946978 -0.03232055]
[0.26185758 0.21474593 0.21471236]
[0.26242716 0.21391527 0.21370099]
[ 0.26415615  0.34752658 -0.03239996]
[0.26552137 0.20609793 0.17996995]
[0.26611074 0.20838578 0.20581455]
[ 0.26687679  0.20849062 -0.37914956]
[0.26831437 0.20514249 0.20164887]
[0.2692936  0.20506095 0.20094749]
[ 0.27026559  0.2076302  -0.37713666]
[ 0.27095389  0.20746709 -0.37709724]
[ 0.27144189  0.11910626 -0.37773582]
[0.27195982 0.20488447 0.19754606]
[ 0.27267303  0.11875665 -0.3773129 ]
[ 0.27269329  0.11876055 -0.3773043 ]
[ 0.27293321  0.11880474 -0.37723024]
[0.27360942 0.20335621 0.07475951]
[0.2738062  0.22659544 0.12483416]
[0.27603428 0.20468536 0.19003603]
[0.27764307 0.20459595 0.18742432]
[0.27872506 0.20332828 0.18435181]
[0.27940603 0.20159869 0.17934571]
[0.27949207 0.20071903 0.17653321]
[ 0.28006699  0.20432156 -0.37644177]
[0.28048274 0.20126547 0.17192665]
[ 0.28098537  0.33565358 -0.03308007]
[ 0.28149047  0.20351673 -0.37629696]
[0.28228585 0.20193998 0.1650472 ]
[ 0.28261856  0.12066824 -0.37422907]
[0.28544602 0.20438534 0.15539553]
[ 0.28652884  0.33213107 -0.03269487]
[0.28694343 0.20660329 0.14857894]
[ 0.28839966  0.19871162 -0.37547248]
[ 0.28861551  0.12182262 -0.37237073]
[0.28923599 0.21021025 0.13769528]
[0.29022718 0.21174404 0.13290802]
[0.29193526 0.2148675  0.12361581]
[ 0.29222144  0.19500097 -0.37487395]
[ 0.29294474  0.19428425 -0.3746108 ]
[0.29318835 0.21042    0.08418929]
[0.29352082 0.21100855 0.08161461]
[0.29440016 0.21966902 0.11128322]
[0.29441222 0.21432102 0.06458865]
[0.29445283 0.21685472 0.0976955 ]
[0.29449894 0.21338673 0.07026571]
[0.29470138 0.25115266 0.0328642 ]
[ 0.29482561  0.12632287 -0.36996698]
[0.29497614 0.21974452 0.1037743 ]
[0.29499798 0.22013208 0.10460387]
[0.29500319 0.22124372 0.10750513]
[0.29504054 0.22135883 0.10723768]
[ 0.29520839  0.12658755 -0.36967409]
[ 0.29628273  0.1910418  -0.37341315]
[ 0.29662885  0.32427648 -0.03116186]
[ 0.29698921  0.30671419 -0.02110884]
[ 0.29749951  0.19007587 -0.37303233]
[ 0.29851986  0.12904091 -0.36708633]
[0.29926231 0.23193126 0.04925507]
[ 0.29946206  0.18725391 -0.37209189]
[0.30054626 0.23465148 0.04686777]
[ 0.30065419  0.32105271 -0.03049688]
[0.30293522 0.24063904 0.04162835]
[ 0.30381737  0.31919936 -0.02898764]
[ 0.30413126  0.18091537 -0.36995131]
[0.30480464 0.24450421 0.02712269]
[ 0.30489736  0.13775027 -0.36078774]
[ 0.30494271  0.1798026  -0.36940519]
[ 0.30524955  0.13825795 -0.36068089]
[ 0.30599486  0.13920828 -0.36045662]
[ 0.30621275  0.13973086 -0.36038745]
[ 0.30651473  0.14090693 -0.36028494]
[ 0.30736048  0.17216408 -0.36606963]
[0.30810576 0.25326483 0.0260596 ]
[0.30832411 0.25412918 0.02601046]
[ 0.30928355  0.1671272  -0.36382704]
[0.30942415 0.25709567 0.02284177]
[ 0.30981904  0.15126865 -0.35920016]
[ 0.30984521  0.16310229 -0.36216283]
[ 0.31026066  0.15527858 -0.35901655]
[ 0.31027318  0.15491612 -0.35901835]
[0.3102882  0.25911023 0.02065555]
[ 0.31104857  0.3136431  -0.02464614]
[ 0.31279197  0.31214394 -0.02349163]
[ 0.31391463  0.3103874  -0.02221373]
[0.31516838 0.27205469 0.00680527]
[ 0.31656965  0.30681345 -0.0195835 ]
[0.31678682 0.27615372 0.00239796]
[ 0.31868005  0.28150361 -0.00052562]
[ 0.31890582  0.30396718 -0.01696982]
[ 0.31954182  0.30099261 -0.01438676]
[ 0.31983162  0.28541313 -0.00271363]
[ 0.32008899  0.28880954 -0.00477969]
[ 0.32046592  0.29213553 -0.00677515]
[ 0.32090551  0.29613492 -0.0101417 ]