[-0.14614641  0.01074608  0.00085451]
[-0.14373432  0.01607938  0.01267775]
[-0.1435676   0.01641207  0.01694572]
[-0.14339838  0.01677907  0.02161629]
[-0.1432047   0.01701535  0.0248389 ]
[-0.14283513  0.01730895  0.02917126]
[-0.14111193  0.02223086 -0.00839138]
[-0.14055232  0.02002819  0.04779812]
[-0.13951514  0.02126498  0.05626917]
[-0.13909964  0.02150765  0.05811511]
[-0.13627053  0.03288786 -0.0169128 ]
[-0.1360688   0.02317449  0.07094759]
[-0.1358144   0.03389856 -0.01823987]
[-0.1349936   0.02428799  0.07404375]
[-0.13470386  0.02434835  0.07554652]
[-0.13408498  0.02428498  0.07731594]
[-0.13282558  0.02331761  0.07463584]
[-0.1306749   0.02721304  0.08221404]
[-0.13040022  0.02747663  0.08266935]
[-0.12857259  0.02876835  0.08468628]
[-0.12823674  0.0504885  -0.04003522]
[-0.1247877   0.0590148  -0.05117671]
[-0.12356308  0.03275236  0.08984439]
[-0.12268234  0.01108695  0.00855254]
[-0.12169689  0.06665012 -0.06105903]
[-0.11974373  0.07128329 -0.0670666 ]
[-0.1178168   0.03660674  0.0937991 ]
[-0.11771478  0.07621183 -0.077686  ]
[-0.11761009  0.07646799 -0.07830397]
[-0.11519118  0.08270983 -0.09330527]
[-0.11475848  0.038313    0.09495754]
[-0.11427852  0.08500519 -0.09723357]
[-0.11136807  0.04013187  0.09604254]
[-0.10912959  0.04135991  0.09683335]
[-0.1083442   0.09659725 -0.11689142]
[-0.10580678  0.10263728 -0.12720983]
[-0.10512202  0.10233432 -0.14492936]
[-0.10506386  0.102967   -0.14242645]
[-0.10399441  0.09268545 -0.17271895]
[-0.10376174  0.10742446 -0.13694729]
[-0.10368195  0.10757503 -0.13724989]
[-0.10365327  0.09945489 -0.15689809]
[-0.10353962  0.09861936 -0.15875318]
[-0.10351957  0.08756255 -0.1842322 ]
[-0.10273989  0.0675501  -0.06483818]
[-0.1023826   0.04071417  0.10059827]
[-0.10225676  0.08463136 -0.1901985 ]
[-0.10131222  0.04060628  0.10110824]
[-0.09982892  0.08173507 -0.19893267]
[-0.09840661  0.07949091 -0.20623685]
[-0.09690894  0.07799096 -0.21047913]
[-0.09643901  0.0777054  -0.21163823]
[-0.09544407  0.03801995  0.07192428]
[-0.09184817  0.03953872  0.1037958 ]
[-0.09100784  0.10667659 -0.13232177]
[-0.08766748  0.07344614 -0.22579741]
[-0.08758952  0.07337055 -0.22595207]
[-0.08727242  0.07307794 -0.22653015]
[-0.08465137  0.0387065   0.10551223]
[-0.07893914  0.03683253  0.10707887]
[-0.07835459  0.03781196  0.10434658]
[-0.07524146  0.06461983 -0.23938325]
[-0.07463808  0.03554204  0.10823818]
[-0.07338872  0.06347425 -0.24082357]
[-0.07315402  0.03515126  0.10850182]
[-0.07134197  0.06232142 -0.24202763]
[-0.06839555  0.06455051 -0.24213048]
[-0.0664525   0.02968799  0.10985221]
[-0.06188706  0.23166669 -0.34060443]
[-0.06172347  0.23942162 -0.34124341]
[-0.06164535  0.22847848 -0.34041886]
[-0.06073307  0.24280125 -0.34175129]
[-0.06038419  0.24408481 -0.34219605]
[-0.06021415  0.22108105 -0.34020553]
[-0.05889571  0.24899517 -0.34392609]
[-0.05853292  0.21657084 -0.34027731]
[-0.05813298  0.2156076  -0.34030284]
[-0.05750428  0.07312741 -0.24563673]
[-0.05710282  0.07313371 -0.24580803]
[-0.05632027  0.25342629 -0.34571634]
[-0.05578428  0.20939325 -0.34150606]
[-0.05513388  0.06950699 -0.19552953]
[-0.05467568  0.01964621  0.11135746]
[-0.05409709  0.25764586 -0.3473785 ]
[-0.05404323  0.25769476 -0.34740299]
[-0.05169722  0.20222893 -0.34347242]
[-0.05100151  0.26045804 -0.34882695]
[-0.04757885  0.0734741  -0.25254091]
[-0.0475034   0.26388483 -0.35054077]
[-0.04628508  0.01226557  0.11198476]
[-0.04612173  0.19143729 -0.34619043]
[-0.04254321  0.18718995 -0.34784141]
[-0.04184997  0.26685165 -0.35252326]
[-0.04049906  0.07378914 -0.25841247]
[-0.03976234  0.26781144 -0.35321377]
[-0.03908536  0.18301808 -0.34973253]
[-0.03738299  0.00371188  0.11122722]
[-0.03733838  0.09112622 -0.07195456]
[-0.03707114  0.26831903 -0.3538805 ]
[-0.03538943  0.25018014 -0.34864642]
[-0.03514413  0.26867224 -0.35446397]
[-0.03456349  0.07380159 -0.25981773]
[-0.03389213  0.1755033  -0.35275991]
[-0.03323042 -0.00384373  0.10385703]
[-0.03186288  0.17371623 -0.35377065]
[-0.03157877  0.00137865  0.11104974]
[-0.03039419  0.17241204 -0.35419836]
[-0.02942683  0.26972361 -0.35619612]
[-0.02843474  0.00019178  0.11104835]
[-0.02618141  0.26967787 -0.35697932]
[-0.02402598  0.16670991 -0.3560528 ]
[-0.02287192  0.17798384 -0.35642321]
[-0.02096611  0.16397007 -0.35694384]
[-0.01904227  0.26972196 -0.35874723]
[-0.01790392  0.16229604 -0.35783853]
[-0.01673749  0.07440722 -0.26417605]
[-0.01565203  0.01475391  0.11295255]
[-0.01497089  0.02470315  0.07144022]
[-0.01490525  0.26927764 -0.35962543]
[-0.01199966  0.01969024  0.11357303]
[-0.01101207  0.26892296 -0.36003929]
[-0.00888789  0.15738065 -0.35857357]
[-0.00793163  0.26858596 -0.3603431 ]
[-0.00499262  0.15550083 -0.35887216]
[-0.00429636  0.07474308 -0.26578702]
[-0.00287956  0.03179067  0.11616339]
[ 0.00030383  0.07269887 -0.26544985]
[ 0.00199143  0.26650175 -0.36090249]
[ 0.00348314  0.15431824 -0.35929553]
[ 0.00361989  0.15428907 -0.35930315]
[ 0.00726434  0.15373365 -0.36058578]
[ 0.00915761  0.06970256 -0.26364931]
[ 0.0092154   0.26409541 -0.36093646]
[0.01120997 0.0438063  0.11905299]
[0.01320164 0.04550607 0.11944492]
[ 0.01360501  0.26236275 -0.36084356]
[0.01390892 0.04630433 0.11961312]
[ 0.01449525  0.01742836 -0.00406646]
[ 0.01568597  0.26170377 -0.36013553]
[ 0.01678855  0.15418181 -0.36331835]
[0.01821668 0.09973066 0.12991626]
[ 0.01852644  0.07409759 -0.26458196]
[0.01973818 0.10430991 0.13090316]
[0.01981259 0.10458972 0.13098697]
[ 0.02013362  0.07432455 -0.25118361]
[0.02154186 0.08977356 0.12924002]
[ 0.02324739  0.1583297  -0.36391816]
[ 0.02498572  0.24539931 -0.35536674]
[ 0.02561067  0.11590292 -0.15274816]
[ 0.0259091   0.07673661 -0.26500769]
[ 0.02714119  0.2566204  -0.35606316]
[ 0.02730853  0.25651437 -0.35599986]
[ 0.02863607  0.07773654 -0.26614097]
[ 0.02920268  0.25496864 -0.35626689]
[0.03013057 0.06598419 0.12528124]
[0.03043318 0.06512101 0.12517042]
[ 0.0312087   0.16155731 -0.3613839 ]
[ 0.03199816  0.25198317 -0.35664446]
[0.03385333 0.12792461 0.13976163]
[ 0.03423498  0.25020205 -0.35696084]
[ 0.03481783  0.18736726 -0.3579479 ]
[0.03635954 0.15047348 0.14572692]
[0.03645792 0.15122422 0.14592896]
[0.03667402 0.15371954 0.1468168 ]
[0.03685066 0.15617639 0.14776146]
[0.03685733 0.13292018 0.14164562]
[ 0.03720495  0.16198236 -0.3596636 ]
[0.03735528 0.16291966 0.1503156 ]
[0.03867228 0.17701622 0.15514357]
[ 0.03934096  0.16408002 -0.36165346]
[0.03969695 0.07118103 0.08452789]
[ 0.04101745  0.24441923 -0.35865508]
[ 0.04187014  0.17002676 -0.36407302]
[ 0.04628806  0.23542349 -0.36022581]
[0.0466046  0.19117381 0.14709666]
[ 0.04683111  0.17846363 -0.36875984]
[ 0.04719852  0.09342597 -0.28247535]
[0.04820268 0.13615045 0.11510387]
[ 0.04925262  0.23055199 -0.36092409]
[0.04951611 0.18488311 0.16174015]
[ 0.05030099  0.2290813  -0.36116943]
[ 0.0507221   0.16991391 -0.23321817]
[0.05176588 0.18657993 0.16300966]
[ 0.05244201  0.0978966  -0.28701282]
[ 0.05288545  0.184935   -0.37023464]
[ 0.05352678  0.18989235 -0.36884167]
[ 0.05482931  0.09988898 -0.28916391]
[ 0.05592411  0.20288434 -0.36436695]
[ 0.05631774  0.10023005 -0.289623  ]
[ 0.0563327   0.21597546 -0.36261039]
[ 0.0569145   0.20765663 -0.36279407]
[0.0576749  0.35453596 0.20393659]
[0.05781215 0.35495511 0.20326724]
[0.05817165 0.35112368 0.20735928]
[0.05883541 0.34754583 0.2107686 ]
[ 0.0591203   0.10771415 -0.28462499]
[0.06081714 0.36090028 0.19969974]
[0.06096468 0.34300669 0.21347781]
[0.06099873 0.33703681 0.21396027]
[0.06123625 0.33140059 0.21345647]
[0.06135454 0.32682796 0.21308004]
[0.06137989 0.1962243  0.16928833]
[0.06141597 0.34197852 0.21413042]
[0.06314517 0.36557907 0.19690822]
[0.06328874 0.1970028  0.17012964]
[ 0.06406     0.10359617 -0.29064689]
[0.06545299 0.36873406 0.19470439]
[0.06578041 0.32377325 0.21695731]
[ 0.06830595  0.10817933 -0.29357799]
[0.07037025 0.37538143 0.19141856]
[ 0.07138233  0.11016625 -0.29454702]
[0.07173007 0.37722624 0.19050795]
[0.07613555 0.31828987 0.22255287]
[0.07664856 0.31579087 0.22229325]
[0.08206318 0.29689831 0.21765054]
[0.08302108 0.38933153 0.1838996 ]
[0.08411655 0.39052901 0.18325162]
[0.08509677 0.29115877 0.21701509]
[0.08632534 0.39295651 0.18252648]
[0.08699445 0.32526352 0.20183607]
[0.08786765 0.28550291 0.21659675]
[0.0883869  0.20715579 0.18252469]
[0.09026369 0.39674512 0.18123872]
[0.09269621 0.27760871 0.21509848]
[0.09375771 0.21269882 0.18659249]
[0.0956982  0.40202854 0.18122448]
[0.09889765 0.39312458 0.17853021]
[ 0.09894453  0.08956833 -0.01703496]
[0.0989698  0.40487774 0.1706951 ]
[ 0.09899691  0.12800144 -0.30324534]
[0.09991984 0.40573939 0.16872526]
[0.10253285 0.22176052 0.19326537]
[0.10461114 0.40962675 0.15923987]
[0.10470338 0.2591919  0.21089683]
[ 0.10638248  0.1325044  -0.30586775]
[0.10651941 0.22590849 0.19645732]
[0.10779387 0.22803518 0.19782687]
[ 0.10872795  0.13444235 -0.30613762]
[ 0.11146112  0.1363901  -0.30626009]
[0.11170919 0.24850968 0.20847418]
[0.11182231 0.23489481 0.20234788]
[0.11220001 0.41831888 0.14231522]
[0.1131959  0.24623174 0.2079645 ]
[0.11527077 0.42158092 0.13563459]
[0.11585946 0.42248151 0.13417288]
[0.11628012 0.42402736 0.13106736]
[0.11631922 0.42353463 0.1328013 ]
[0.11636126 0.42657269 0.12141539]
[0.11770539 0.22310909 0.13120852]
[ 0.1182488   0.14079372 -0.30687593]
[0.12036905 0.43342046 0.11651117]
[0.12187262 0.43580407 0.11540718]
[ 0.12387572  0.14284189 -0.30853861]
[0.1262912  0.42034847 0.12016755]
[0.12685495 0.24378386 0.19586408]
[0.13186529 0.45593935 0.10653982]
[0.1325379  0.45718452 0.10598221]
[0.13339623 0.45856334 0.10534553]
[ 0.13369997  0.16482301 -0.2982078 ]
[0.13478274 0.46065848 0.10436416]
[ 0.13492295  0.15930337 -0.31846029]
[ 0.13709505  0.1829006  -0.19692152]
[0.13771782 0.46501968 0.10254166]
[0.13964254 0.46663332 0.10170904]
[0.14568297 0.47037407 0.09948092]
[0.14650445 0.47088043 0.09858958]
[0.14887525 0.47165548 0.09665152]
[ 0.15041712  0.16722    -0.32425705]
[0.15129019 0.32850597 0.15860059]
[ 0.1520679   0.16830219 -0.32410556]
[0.15364975 0.46626718 0.09917191]
[0.15441066 0.47196594 0.09351222]
[0.15544029 0.47191978 0.09249284]
[0.15819112 0.4716569  0.08988884]
[ 0.16391302  0.16401437 -0.10409203]
[0.16440335 0.46962921 0.08523545]
[0.16705925 0.46844239 0.0835198 ]
[0.1671909  0.17100011 0.03498137]
[ 0.1685438   0.23849941 -0.25210345]
[0.16865384 0.46759893 0.08260176]
[ 0.17124061  0.18124133 -0.32234072]
[ 0.17259359  0.19461332 -0.32861651]
[ 0.17265309  0.19508211 -0.32884352]
[ 0.17284669  0.25016826 -0.27606615]
[ 0.17394477  0.18233401 -0.32435746]
[ 0.1763752   0.2020668  -0.32702133]
[ 0.17706104  0.24006849 -0.29121385]
[ 0.17763325  0.25434837 -0.26759705]
[0.17788197 0.46178416 0.07539988]
[ 0.17945384  0.2321382  -0.29896551]
[ 0.17957647  0.23177232 -0.29937845]
[ 0.18086055  0.2572128  -0.26207057]
[ 0.18206531  0.27256305 -0.13476061]
[ 0.18206781  0.25820487 -0.25968616]
[ 0.18326603  0.21871281 -0.31418503]
[0.18399038 0.45754787 0.07080723]
[ 0.18419071  0.21452641 -0.31735123]
[ 0.18442515  0.194714   -0.30697277]
[ 0.18469612  0.21255141 -0.31926854]
[ 0.18739443  0.2619833  -0.25029184]
[0.1900686  0.45327245 0.06626435]
[ 0.19221609  0.26545417 -0.24194555]
[0.19300701 0.4507412  0.06427744]
[0.19533182 0.44861767 0.0627599 ]
[0.19833729 0.43794575 0.06437008]
[0.20320231 0.2655664  0.09613854]
[0.20357538 0.44107771 0.05736293]
[0.20364999 0.44100239 0.05731727]
[0.20385782 0.37571732 0.0871301 ]
[ 0.20391363  0.26932382 -0.22992219]
[0.20514066 0.39988313 0.01324477]
[0.20646181 0.43585701 0.05217176]
[0.20768283 0.42869858 0.04262752]
[0.2092438  0.40730105 0.01056664]
[ 0.21050756  0.2606327  -0.05345498]
[0.21087694 0.40483905 0.00816895]
[0.21138131 0.41174227 0.0190429 ]
[0.21158131 0.41069929 0.01762553]
[ 0.21187671  0.27077423 -0.2208599 ]
[0.21487816 0.39899879 0.00234173]
[ 0.21616562  0.24953746 -0.19966016]
[ 0.21681269  0.29635727 -0.16775223]
[ 0.21739183  0.39535931 -0.00131182]
[ 0.21867123  0.29232747 -0.17323531]
[ 0.21942596  0.29884007 -0.16141854]
[ 0.2211694   0.39036013 -0.00605295]
[ 0.22126748  0.2713936  -0.21229396]
[ 0.22414047  0.28267229 -0.18782539]
[ 0.22494473  0.35059254 -0.01322919]
[ 0.22565839  0.31902526 -0.11212522]
[ 0.2258533   0.32267178 -0.11331971]
[ 0.22590459  0.30504501 -0.14508352]
[ 0.22688328  0.32327313 -0.11114892]
[ 0.22689096  0.27172562 -0.20713318]
[ 0.22793797  0.32392491 -0.10894237]
[ 0.22891714  0.3192325  -0.11629948]
[ 0.22895778  0.30804232 -0.13645592]
[ 0.23228735  0.32751503 -0.09825892]
[ 0.23432533  0.37200165 -0.02263113]
[ 0.2353841   0.3686165  -0.02704423]
[ 0.23766601  0.36138305 -0.03651949]
[0.23776666 0.28516327 0.0176272 ]
[ 0.24062887  0.35229237 -0.0486482 ]
[ 0.24108557  0.33504649 -0.07686322]
[ 0.24255715  0.32140375 -0.06135217]
[ 0.24462821  0.34283888 -0.06033434]
[ 0.24697891  0.33728148 -0.06720338]