[-0.10510713  0.09721223  0.0106691 ]
[-0.10451766  0.09730381  0.02091496]
[-0.1039616   0.09748058  0.03257407]
[-0.10370211  0.0978898   0.03395305]
[-0.10229894  0.10438679 -0.00129268]
[-0.10228587  0.09937146  0.0393181 ]
[-0.10194618  0.1056655  -0.00619966]
[-0.10045937  0.10108024  0.04565633]
[-0.09974257  0.11287867 -0.04014332]
[-0.09963205  0.11296676 -0.03766529]
[-0.09952004  0.11303424 -0.03559492]
[-0.09827694  0.11629408 -0.04576545]
[-0.0974107   0.11220718 -0.03906551]
[-0.09721796  0.11903986 -0.05028405]
[-0.09503973  0.10653119  0.0655575 ]
[-0.09453258  0.10655643  0.06911079]
[-0.0925986   0.13049535 -0.06913794]
[-0.09240243  0.1309747  -0.06986305]
[-0.09224317  0.13126683 -0.06942466]
[-0.09222378  0.10661641  0.07630692]
[-0.09207487  0.13158091 -0.06901826]
[-0.09201484  0.13080393 -0.06965064]
[-0.09109015  0.10663787  0.07853201]
[-0.089475    0.13644379 -0.06285456]
[-0.08827448  0.11855619  0.07524318]
[-0.08806988  0.11752866  0.0760212 ]
[-0.08783372  0.12058337  0.07280089]
[-0.08779776  0.11455511  0.07861652]
[-0.0874193   0.10568661  0.08660671]
[-0.08725326  0.12398284  0.0688758 ]
[-0.08694784  0.10437819  0.08865439]
[-0.08602213  0.10289152  0.09062285]
[-0.08595166  0.08511449  0.01108373]
[-0.08410542  0.13805487  0.05709405]
[-0.08322741  0.14269132  0.01636333]
[-0.08318269  0.11229098  0.09086217]
[-0.08316397  0.14299515  0.01466662]
[-0.08316301  0.14288415  0.01583001]
[-0.08312207  0.14302392  0.01531432]
[-0.08289572  0.14255013  0.01545774]
[-0.08223541  0.14577321  0.00700217]
[-0.08218825  0.14341377  0.03233085]
[-0.08148161  0.14415265  0.04718651]
[-0.08129891  0.14435018  0.05113225]
[-0.08108837  0.11069984  0.09339053]
[-0.08038813  0.11016876  0.09424086]
[-0.07997745  0.10671051  0.07783142]
[-0.07979875  0.09600802  0.09795816]
[-0.07864538  0.09465544  0.09946332]
[-0.07837019  0.15223719 -0.01261642]
[-0.07832586  0.09437655  0.09969865]
[-0.0772104   0.15475083 -0.03781421]
[-0.07719859  0.0934848   0.10035411]
[-0.07602972  0.15682829 -0.03512914]
[-0.07600001  0.15672506 -0.02590922]
[-0.0753063   0.11120393  0.09934176]
[-0.0738333   0.09070291  0.10253785]
[-0.07034805  0.08610699  0.10507623]
[-0.06779225  0.15508147 -0.03054444]
[-0.0654473   0.11238425  0.10530551]
[-0.064266    0.07880397  0.10767034]
[-0.0638334   0.11259797  0.10637915]
[-0.05999056  0.11291269  0.10801342]
[-0.05761169  0.07082314  0.1104847 ]
[-0.056243    0.06931025  0.1107343 ]
[-0.05121637  0.06581919  0.11173018]
[-0.04987471  0.11376754  0.11244071]
[-0.04938291  0.11360591  0.11266562]
[-0.04515616  0.1125059   0.1140708 ]
[-0.04277523  0.06113655  0.09601095]
[-0.04122438  0.05884408  0.11423358]
[-0.0379149   0.11065217  0.11642188]
[-0.03733838  0.09112622 -0.07195456]
[-0.03727234  0.05612473  0.11464221]
[-0.03247373  0.0502656   0.11498243]
[-0.03021313  0.10914745  0.11893609]
[-0.02748864  0.1087004   0.11964481]
[-0.02724635  0.04389911  0.11552586]
[-0.02489937  0.11308753  0.11011812]
[-0.02143504  0.04122383  0.11639845]
[-0.02000426  0.12750725  0.03307777]
[-0.01718194  0.1106982   0.12257472]
[-0.01497089  0.02470315  0.07144022]
[-0.01058053  0.03572701  0.11633334]
[-0.00747682  0.10806868  0.12502937]
[-0.0034943   0.10698739  0.12611596]
[-0.00287956  0.03179067  0.11616339]
[-0.00257184  0.10673605  0.12639898]
[0.00221214 0.10545199 0.12718233]
[0.00647109 0.03010525 0.11647233]
[0.00931043 0.10354278 0.12848404]
[ 0.01449525  0.01742836 -0.00406646]
[0.01821668 0.09973066 0.12991626]
[0.02154186 0.08977356 0.12924002]
[0.03013057 0.06598419 0.12528124]
[0.03043318 0.06512101 0.12517042]
[0.03199282 0.02540428 0.11683358]
[0.03969695 0.07118103 0.08452789]
[0.04079886 0.02268967 0.11173243]
[0.04116832 0.02527981 0.11723808]
[0.04215026 0.02441459 0.11713194]
[0.04444377 0.06099027 0.12634706]
[0.04608415 0.02088401 0.11658438]
[ 0.04629579 -0.00018191 -0.11494954]
[0.04714105 0.06023478 0.1263863 ]
[0.04775824 0.01926022 0.11612058]
[0.05221963 0.01494326 0.11488738]
[0.05314201 0.05849497 0.1267515 ]
[0.06089926 0.0438409  0.12382541]
[0.06787096 0.03977574 0.1236898 ]
[ 0.07141704 -0.0242908   0.05866906]
[ 0.07653562 -0.00891024  0.10754581]
[0.08586251 0.03010882 0.12115546]
[ 0.08668641 -0.02024614  0.10184871]
[ 0.08762556 -0.02189791  0.10016993]
[ 0.08787052 -0.02158084  0.10117913]
[ 0.08883258 -0.0224652   0.10071618]
[ 0.08913665 -0.02275792  0.10054243]
[0.08976828 0.0280473  0.120507  ]
[ 0.09158401 -0.02609174  0.09873349]
[0.09596427 0.02783275 0.12073978]
[ 0.09894453  0.08956833 -0.01703496]
[ 0.10352226 -0.04198772  0.0903649 ]
[ 0.1060182  -0.04648942  0.08715085]
[ 0.10662219 -0.06280438 -0.05900241]
[0.10734012 0.02739814 0.120979  ]
[ 0.10855433 -0.05196808  0.08276097]
[0.10997775 0.02314982 0.1018551 ]
[ 0.10998498 -0.05833363  0.07621442]
[ 0.11049915 -0.05931496  0.07917456]
[ 0.11087379 -0.05567624  0.08036481]
[0.11194861 0.01578573 0.1163463 ]
[ 0.11336388 -0.05994794  0.07768415]
[ 0.11430453 -0.05998088  0.07654416]
[0.11471036 0.0090192  0.11224765]
[ 0.11691068 -0.06007213  0.07338577]
[ 0.12215737 -0.05964865  0.02281608]
[ 0.12347973 -0.06149028  0.06428032]
[ 0.12407709 -0.0616212   0.06350694]
[ 0.12422983 -0.06164522  0.06304609]
[0.12918079 0.00171702 0.10674416]
[ 0.12967016 -0.06250875  0.04685366]
[ 0.129896   -0.06251308  0.04530471]
[ 0.13058956 -0.06248722  0.03945789]
[ 0.13111768 -0.07227858 -0.04094687]
[ 0.13124067 -0.06524906  0.01810312]
[0.13131441 0.0006007  0.10597384]
[ 0.13178553 -0.06706652  0.00154918]
[ 0.1317863  -0.06667382  0.00556348]
[ 0.1317999  -0.06696212  0.00240403]
[ 0.13181485 -0.06796678 -0.00525473]
[ 0.13200154 -0.06362239  0.02048611]
[ 0.13285117 -0.07048293 -0.05204702]
[ 0.1338863  -0.00035067  0.10527039]
[ 0.13401021 -0.05973558  0.02623699]
[ 0.13666985 -0.06727881 -0.07272755]
[ 0.13670212 -0.06724318 -0.07294523]
[ 0.13719644 -0.00110774  0.10404756]
[ 0.13832858 -0.01828735 -0.14362402]
[ 0.13889082 -0.06466618 -0.08600256]
[ 0.14050671 -0.06141747 -0.10123272]
[ 0.14052647 -0.01301373 -0.01729783]
[0.14181069 0.02351861 0.03612844]
[ 0.14296809 -0.0564893  -0.10933851]
[ 0.14433583 -0.05147129 -0.11622176]
[ 0.14597319 -0.00254911  0.10042085]
[ 0.14784641 -0.0418035  -0.13053685]
[ 0.14811859 -0.03906681 -0.1337206 ]
[ 0.15094827 -0.026296   -0.14292415]
[ 0.15125648 -0.02537445 -0.14362493]
[ 0.15134642 -0.02490219 -0.1439601 ]
[ 0.15161225 -0.02480289 -0.14347171]
[ 0.15372544 -0.00279217  0.09651786]
[ 0.15527952 -0.00296144  0.09581731]
[ 0.15730838 -0.00254476  0.09446964]
[ 0.15733116 -0.00059873 -0.07728292]
[ 0.15819872 -0.02071749 -0.12793698]
[ 0.15941608 -0.02005285 -0.12488892]
[0.15990189 0.00239159 0.08975589]
[ 0.1607261  -0.01997444  0.00571971]
[ 0.16082057 -0.01986135  0.00433283]
[ 0.16145487 -0.01853222 -0.11873879]
[ 0.16225368 -0.01815833 -0.01657613]
[ 0.16261624 -0.01774566 -0.02246286]
[ 0.16338838 -0.01529771  0.01661516]
[ 0.16357063 -0.01490512  0.01746282]
[ 0.16375577 -0.01701029 -0.03431895]
[ 0.16396575 -0.01418405  0.01911776]
[ 0.16432744 -0.00414503  0.08222774]
[ 0.16432937 -0.00117147  0.08972487]
[ 0.16446847 -0.00147556  0.08923971]
[ 0.16470521 -0.00203485  0.08830877]
[ 0.16488735 -0.0053909   0.07495527]
[ 0.16559355 -0.0068224   0.06789354]
[ 0.16588637 -0.0077534   0.05987433]
[ 0.16597594 -0.0082747   0.0538526 ]
[ 0.16598402 -0.01038686  0.02773142]
[ 0.16605548 -0.00902186  0.04592299]
[ 0.16684587 -0.01331697 -0.04974195]
[ 0.1673006  -0.01115599 -0.09336723]
[ 0.16806869 -0.01063119 -0.08679434]
[ 0.16840362 -0.01049685 -0.08447985]
[ 0.16890087 -0.00965451 -0.06375572]
[ 0.16890401 -0.00965676 -0.07728936]
[ 0.16890763 -0.00965961 -0.07642383]