[-0.02235361 -0.21648776 -0.35740157]
[-0.0198959  -0.21208953 -0.35840772]
[-0.01650565 -0.204853   -0.36129832]
[-0.01574646 -0.22326836 -0.35644123]
[-0.01551879 -0.2000655  -0.36558474]
[-0.01436844 -0.1944848  -0.37058134]
[-0.01419663 -0.193447   -0.37159012]
[-0.01413379 -0.19306737 -0.37195914]
[-0.01072905 -0.23042463 -0.36142901]
[-0.01072683 -0.20956622 -0.3594259 ]
[-0.01062612 -0.18820541 -0.37822815]
[-0.00834234 -0.23388027 -0.36380657]
[-0.0068284  -0.23577181 -0.36528583]
[-0.00626196 -0.18215629 -0.38602789]
[-0.00180783 -0.17072402 -0.38546897]
[ 0.0020586  -0.16815391 -0.38478261]
[ 0.00294248 -0.16762053 -0.38493405]
[ 0.00317708 -0.2480558  -0.3743748 ]
[ 0.00644517 -0.25112901 -0.37436914]
[ 0.00731116 -0.16554001 -0.38559989]
[ 0.00868869 -0.25295141 -0.37439708]
[ 0.00989707 -0.16434819 -0.38598811]
[ 0.01069236 -0.25456379 -0.37442371]
[ 0.01558596 -0.16167499 -0.3868498 ]
[ 0.01761287 -0.20368396 -0.38076663]
[ 0.02229731 -0.15856085 -0.38786048]
[ 0.02238238 -0.26345335 -0.3746364 ]
[ 0.02356971 -0.15797201 -0.38797147]
[ 0.0244171  -0.15899264 -0.38796917]
[ 0.02631985 -0.26624946 -0.37417125]
[ 0.02716334 -0.16219999 -0.38771613]
[ 0.03277531 -0.26980057 -0.37370985]
[ 0.03740418 -0.17450129 -0.3867218 ]
[ 0.03759958 -0.2717143  -0.37358081]
[ 0.03821831 -0.17550382 -0.38670551]
[ 0.04361699 -0.27354841 -0.37358106]
[ 0.04416368 -0.27368049 -0.37345866]
[ 0.04419425 -0.27368698 -0.37345216]
[ 0.04436346 -0.18330326 -0.38655503]
[ 0.04475341 -0.27363132 -0.37339908]
[ 0.04798312 -0.18824257 -0.38642546]
[ 0.04831463 -0.26151803 -0.37750623]
[ 0.05146803 -0.19320293 -0.38674875]
[ 0.05310737 -0.27278848 -0.37261032]
[ 0.05355015 -0.27268636 -0.37259023]
[ 0.05660864 -0.20294178 -0.38710835]
[ 0.05824727 -0.26917681 -0.37329431]
[ 0.05846376 -0.20675637 -0.38845842]
[ 0.06000344 -0.2678876  -0.37373264]
[ 0.06059513 -0.26731128 -0.37394385]
[ 0.06127431 -0.24792895 -0.4001419 ]
[ 0.06218095 -0.26459472 -0.37503443]
[ 0.06256066 -0.21570682 -0.39158324]
[ 0.06269985 -0.2637011  -0.3753934 ]
[ 0.06290636 -0.26339159 -0.37590076]
[ 0.06482006 -0.26048412 -0.38066432]
[ 0.06629337 -0.25847016 -0.38397762]
[ 0.06702873 -0.22571295 -0.39505783]
[ 0.0674363  -0.22826387 -0.39582087]
[ 0.06766573 -0.25540975 -0.38893236]
[ 0.06766835 -0.25538031 -0.38897904]
[ 0.0681341  -0.25094189 -0.39198303]
[ 0.06855339 -0.23478577 -0.394835  ]
[ 0.06921    -0.24699858 -0.39408728]
[ 0.06985065 -0.23954584 -0.39374662]
[ 0.06996408 -0.24232832 -0.39360394]