[ 0.02013362  0.07432455 -0.25118361]
[ 0.02101058  0.01132163 -0.2244428 ]
[ 0.02398229  0.05660193 -0.2576023 ]
[ 0.02425576  0.04614399 -0.25365857]
[ 0.02494023  0.02427415 -0.24584713]
[ 0.02511538  0.02154941 -0.24522175]
[ 0.02561067  0.11590292 -0.15274816]
[ 0.02721924  0.06690914 -0.26122123]
[ 0.02796381  0.07626666 -0.26467439]
[ 0.02863607  0.07773654 -0.26614097]
[ 0.03463304  0.01473786 -0.24181408]
[ 0.04062788  0.01061446 -0.23994987]
[ 0.04279349  0.00670918 -0.23841863]
[ 0.04593551  0.00160887 -0.2366764 ]
[ 0.04629579 -0.00018191 -0.11494954]
[ 4.71270603e-02  2.07291379e-04 -2.36467026e-01]
[ 0.04719852  0.09342597 -0.28247535]
[ 0.0507221   0.16991391 -0.23321817]
[ 0.05244201  0.0978966  -0.28701282]
[ 0.05482931  0.09988898 -0.28916391]
[ 0.05631774  0.10023005 -0.289623  ]
[ 0.05881007 -0.02214825 -0.22711542]
[ 0.0591203   0.10771415 -0.28462499]
[ 0.06406     0.10359617 -0.29064689]
[ 0.06654429 -0.02672109 -0.22224302]
[ 0.06830595  0.10817933 -0.29357799]
[ 0.0692497  -0.02733286 -0.22066602]
[ 0.07138233  0.11016625 -0.29454702]
[ 0.08041829 -0.02999403 -0.21527202]
[ 0.08087241 -0.02771518 -0.19540878]
[ 0.0853779  -0.03363206 -0.21233676]
[ 0.08788257 -0.07457959 -0.15691565]
[ 0.08923283 -0.05178086 -0.20490336]
[ 0.08952037 -0.04669219 -0.20520808]
[ 0.09002227 -0.05516937 -0.20385702]
[ 0.09074263 -0.03980492 -0.20655776]
[ 0.09105707 -0.03752165 -0.20690311]
[0.09628996 0.06371792 0.13458061]
[ 0.09646012 -0.0815584  -0.19748979]
[0.09663898 0.18297011 0.17510356]
[0.09700893 0.058953   0.13290586]
[0.09739483 0.18407794 0.17576766]
[ 0.09830415 -0.08216427 -0.19563534]
[0.09893444 0.07717165 0.13981332]
[ 0.09894453  0.08956833 -0.01703496]
[ 0.09899691  0.12800144 -0.30324534]
[0.10013451 0.03914045 0.12561   ]
[0.10114317 0.03749639 0.12508266]
[0.10144619 0.08951218 0.14422847]
[0.10161922 0.09010841 0.14445163]
[0.10370672 0.09720158 0.14699278]
[0.10564941 0.03015337 0.12205619]
[0.1061211  0.07923803 0.11032661]
[ 0.10638248  0.1325044  -0.30586775]
[0.10646765 0.15635839 0.1683301 ]
[ 0.10662219 -0.06280438 -0.05900241]
[0.10671912 0.15459965 0.16775188]
[0.10734012 0.02739814 0.120979  ]
[0.10748459 0.15037435 0.16619109]
[ 0.10798803 -0.08515559 -0.18364582]
[0.10845144 0.14343069 0.16393584]
[0.10853334 0.14278818 0.1637352 ]
[ 0.10872795  0.13444235 -0.30613762]
[ 0.10940491 -0.08663443 -0.1818621 ]
[0.10958929 0.11807993 0.15550048]
[0.10997775 0.02314982 0.1018551 ]
[0.11057991 0.12161455 0.15696151]
[ 0.11146112  0.1363901  -0.30626009]
[ 0.1117566  -0.08917322 -0.17848023]
[0.11194861 0.01578573 0.1163463 ]
[0.11325699 0.2071856  0.19065369]
[0.11361775 0.20813218 0.19116899]
[0.11471036 0.0090192  0.11224765]
[0.11516918 0.13058795 0.16118489]
[ 0.11680488 -0.09545348 -0.16706902]
[ 0.11770468 -0.0956245  -0.16530825]
[0.11770539 0.22310909 0.13120852]
[ 0.1182488   0.14079372 -0.30687593]
[ 0.11861341 -0.09564175 -0.16285515]
[0.12006874 0.22503366 0.20077716]
[0.12029798 0.22563358 0.20112934]
[0.12045568 0.14339543 0.1511597 ]
[0.12183464 0.23650821 0.20659384]
[ 0.12270209 -0.09453041 -0.1466565 ]
[ 0.12311074 -0.09442991 -0.14508344]
[ 0.12346372 -0.0939841  -0.14216621]
[ 0.12348221 -0.0939586  -0.14200412]
[ 0.12380992 -0.00568504  0.10304965]
[ 0.12387572  0.14284189 -0.30853861]
[ 0.12431128 -0.09259387 -0.13696908]
[ 0.12484345 -0.08552659 -0.0605397 ]
[ 0.12669727 -0.01050931  0.10050214]
[0.12685495 0.24378386 0.19586408]
[ 0.12756173 -0.08723314 -0.1172025 ]
[ 0.12758327 -0.08721378 -0.11711322]
[ 0.12760288 -0.0871748  -0.11697684]
[ 0.12764956 -0.0870573  -0.11658839]
[ 0.12801726 -0.0826509  -0.07640308]
[ 0.12810379 -0.01262716  0.09871758]
[ 0.12910214 -0.07604056 -0.04676933]
[ 0.12947166 -0.08089936 -0.08466241]
[ 0.12958141 -0.0132768   0.09785702]
[ 0.13111768 -0.07227858 -0.04094687]
[0.1315658  0.24212228 0.21255295]
[ 0.13369997  0.16482301 -0.2982078 ]
[ 0.13401399 -0.01523967  0.0951876 ]
[0.13475847 0.24390331 0.21448049]
[ 0.13492295  0.15930337 -0.31846029]
[ 0.13709505  0.1829006  -0.19692152]
[ 0.13824806 -0.01717638  0.09225208]
[ 0.13916862 -0.05839639 -0.03049662]
[ 0.14052647 -0.01301373 -0.01729783]
[ 0.14092539 -0.02301573  0.06157489]
[0.14181069 0.02351861 0.03612844]
[ 0.1440352  -0.04947766 -0.02403961]
[ 0.14431696 -0.02028655  0.08595731]
[ 0.14498037 -0.02061714  0.08532786]
[ 0.14509948 -0.02070472  0.08518986]
[ 0.14547722 -0.02105738  0.08435592]
[0.14602912 0.25012634 0.2214925 ]
[ 0.14955128 -0.02540076  0.07250761]
[ 0.1496766  -0.0255833   0.07206862]
[ 0.14972828 -0.02586887  0.07103757]
[ 0.15041712  0.16722    -0.32425705]
[ 0.1505887  -0.02963424  0.05786941]
[ 0.15058906 -0.02963242  0.05787764]
[ 0.1520679   0.16830219 -0.32410556]
[0.15235105 0.25337647 0.22620191]
[ 0.15391105 -0.03265911 -0.02340122]
[ 0.15448319 -0.03049202 -0.00475904]
[ 0.15478831 -0.03029455 -0.01486919]
[ 0.15495962 -0.03032568 -0.01800135]
[ 0.1552475  -0.03037527 -0.02331354]
[ 0.15542884 -0.02465464  0.04704696]
[ 0.15605623 -0.02406438  0.04570381]
[ 0.15786174 -0.02216531  0.04274488]
[ 0.1607261  -0.01997444  0.00571971]
[ 0.16151939 -0.01690638  0.03600774]
[ 0.16338838 -0.01529771  0.01661516]
[ 0.16357063 -0.01490512  0.01746282]
[ 0.16391302  0.16401437 -0.10409203]
[ 0.16396575 -0.01418405  0.01911776]
[0.16440415 0.25623492 0.23321404]
[ 0.16598402 -0.01038686  0.02773142]
[0.1671909  0.17100011 0.03498137]
[ 0.1685438   0.23849941 -0.25210345]
[0.17075138 0.27002505 0.21670614]
[ 0.17124061  0.18124133 -0.32234072]
[ 0.17259359  0.19461332 -0.32861651]
[ 0.17265309  0.19508211 -0.32884352]
[ 0.17284669  0.25016826 -0.27606615]
[ 0.17394477  0.18233401 -0.32435746]
[ 0.1763752   0.2020668  -0.32702133]
[ 0.17706104  0.24006849 -0.29121385]
[ 0.17763325  0.25434837 -0.26759705]
[0.17900141 0.24389582 0.23239738]
[ 0.17945384  0.2321382  -0.29896551]
[ 0.17957647  0.23177232 -0.29937845]
[ 0.18086055  0.2572128  -0.26207057]
[ 0.18206531  0.27256305 -0.13476061]
[ 0.18206781  0.25820487 -0.25968616]
[0.18307581 0.24330323 0.23384936]
[ 0.18326603  0.21871281 -0.31418503]
[ 0.18419071  0.21452641 -0.31735123]
[ 0.18442515  0.194714   -0.30697277]
[ 0.18469612  0.21255141 -0.31926854]
[ 0.18739443  0.2619833  -0.25029184]
[ 0.19221609  0.26545417 -0.24194555]
[0.19367532 0.24234576 0.23732787]
[0.19620645 0.24068645 0.23733083]
[0.20320231 0.2655664  0.09613854]
[ 0.20391363  0.26932382 -0.22992219]
[0.20838004 0.23379764 0.23556778]
[ 0.21050756  0.2606327  -0.05345498]
[ 0.21187671  0.27077423 -0.2208599 ]
[0.21411437 0.23063579 0.23460201]
[ 0.21616562  0.24953746 -0.19966016]
[ 0.21681269  0.29635727 -0.16775223]
[0.21792619 0.23381253 0.23744981]
[ 0.21867123  0.29232747 -0.17323531]
[ 0.21942596  0.29884007 -0.16141854]
[ 0.22067687  0.17655684 -0.38055722]
[ 0.22074471  0.17614323 -0.38027178]
[ 0.22126748  0.2713936  -0.21229396]
[ 0.22183434  0.16061655 -0.3827524 ]
[ 0.22202664  0.16514408 -0.38192734]
[ 0.22209228  0.18243065 -0.38426391]
[ 0.22301599  0.15666824 -0.3832028 ]
[ 0.22330823  0.18751896 -0.38747639]
[ 0.22414047  0.28267229 -0.18782539]
[ 0.22466858  0.18941215 -0.38853921]
[ 0.22476659  0.18956119 -0.38862421]
[ 0.22565839  0.31902526 -0.11212522]
[ 0.2258533   0.32267178 -0.11331971]
[ 0.22590459  0.30504501 -0.14508352]
[ 0.22627582  0.15160471 -0.38343252]
[ 0.22688328  0.32327313 -0.11114892]
[ 0.22689096  0.27172562 -0.20713318]
[ 0.22793797  0.32392491 -0.10894237]
[0.22797797 0.24221551 0.24422489]
[0.22841404 0.24228967 0.24429669]
[ 0.22891714  0.3192325  -0.11629948]
[ 0.22895778  0.30804232 -0.13645592]
[ 0.23065804  0.19890465 -0.39086288]
[ 0.23228735  0.32751503 -0.09825892]
[0.23250654 0.2481472  0.18648856]
[ 0.23409251  0.13918311 -0.38473215]
[ 0.23432704  0.13864379 -0.38480678]
[ 0.23452342  0.13829934 -0.38484636]
[ 0.23503642  0.13788009 -0.38484695]
[ 0.23534027  0.20223299 -0.3909825 ]
[0.23682997 0.2437389  0.24547833]
[0.23776666 0.28516327 0.0176272 ]
[ 0.23977013  0.2053456  -0.39108096]
[ 0.24108557  0.33504649 -0.07686322]
[ 0.24255715  0.32140375 -0.06135217]
[ 0.24352451  0.13179679 -0.3846742 ]
[ 0.24423518  0.20705903 -0.39060348]
[0.2453599  0.24519469 0.24682413]
[0.24666355 0.24544404 0.24672543]
[ 0.24692448  0.20804269 -0.38946907]
[ 0.24697891  0.33728148 -0.06720338]
[ 0.24734949  0.20813197 -0.3892714 ]
[ 0.25052931  0.33565819 -0.06632146]
[ 0.25086561  0.12629449 -0.38457636]
[ 0.25327692  0.12455423 -0.38392679]
[ 0.25411326  0.12391727 -0.38370714]
[0.25447407 0.2463214  0.24559558]
[ 0.25541905  0.2093193  -0.3853773 ]
[ 0.25786097  0.3323048  -0.06449978]
[0.25860667 0.24678939 0.24497989]
[ 0.2589874   0.20912213 -0.38345468]
[ 0.26004367  0.33114185 -0.06389354]
[ 0.26053428  0.17360542 -0.37277744]
[0.26140899 0.24720262 0.24410886]
[0.26498978 0.24774124 0.24294572]
[0.26582219 0.29921009 0.13189937]
[0.2659748  0.25043216 0.23059795]
[ 0.26687679  0.20849062 -0.37914956]
[0.26724773 0.24822576 0.24234623]
[ 0.27026559  0.2076302  -0.37713666]
[ 0.27095389  0.20746709 -0.37709724]
[ 0.27144189  0.11910626 -0.37773582]
[ 0.27267303  0.11875665 -0.3773129 ]
[ 0.27269329  0.11876055 -0.3773043 ]
[0.27273477 0.2496774  0.23955278]
[ 0.27293321  0.11880474 -0.37723024]
[0.27558094 0.25041561 0.23817576]
[0.2774496  0.25108985 0.23634767]
[0.27851112 0.25101383 0.23484438]
[ 0.28006699  0.20432156 -0.37644177]
[ 0.28149047  0.20351673 -0.37629696]
[ 0.28163921  0.3255692  -0.04820049]
[ 0.28261856  0.12066824 -0.37422907]
[0.28311102 0.25068557 0.22834687]
[ 0.28464441  0.32486804 -0.04609619]
[0.28472239 0.25042997 0.22397982]
[0.28502499 0.25037919 0.22311834]
[ 0.28701476  0.32406667 -0.04417071]
[ 0.28839966  0.19871162 -0.37547248]
[ 0.28861551  0.12182262 -0.37237073]
[0.28877017 0.25328947 0.21743151]
[0.28944445 0.2536983  0.21657387]
[0.28970489 0.25412345 0.21585681]
[ 0.29016397  0.32338974 -0.04102992]
[ 0.29222144  0.19500097 -0.37487395]
[ 0.29294474  0.19428425 -0.3746108 ]
[ 0.29482561  0.12632287 -0.36996698]
[0.2951811  0.27712412 0.1804805 ]
[ 0.29520839  0.12658755 -0.36967409]
[0.29566464 0.26373125 0.19962292]
[ 0.29628273  0.1910418  -0.37341315]
[ 0.29698921  0.30671419 -0.02110884]
[0.29707899 0.2857114  0.0816872 ]
[0.29745929 0.26887365 0.19148742]
[ 0.29749951  0.19007587 -0.37303233]
[0.29803802 0.27069482 0.18862879]
[ 0.29851986  0.12904091 -0.36708633]
[0.29941491 0.2759997  0.18406858]
[ 0.29946206  0.18725391 -0.37209189]
[0.30038502 0.27738263 0.17542765]
[ 0.30065419  0.32105271 -0.03049688]
[0.30188473 0.28044288 0.16419571]
[0.30321613 0.28454867 0.14967658]
[0.3040428  0.28421138 0.1284987 ]
[ 0.30413126  0.18091537 -0.36995131]
[ 0.30426176  0.32115673 -0.02555735]
[0.30466132 0.28396277 0.11879564]
[ 0.30489736  0.13775027 -0.36078774]
[ 0.30494271  0.1798026  -0.36940519]
[ 0.30524955  0.13825795 -0.36068089]
[0.30566967 0.28305223 0.10183044]
[ 0.30599486  0.13920828 -0.36045662]
[ 0.30621275  0.13973086 -0.36038745]
[0.30650101 0.28248717 0.09383985]
[ 0.30651473  0.14090693 -0.36028494]
[0.30729303 0.28219612 0.08659844]
[ 0.30736048  0.17216408 -0.36606963]
[0.30801452 0.28193098 0.08000176]
[0.30831121 0.28182203 0.07731864]
[ 0.30845819  0.32070101 -0.01922779]
[ 0.30928355  0.1671272  -0.36382704]
[ 0.30981904  0.15126865 -0.35920016]
[ 0.30984521  0.16310229 -0.36216283]
[ 0.30984588  0.32050758 -0.01709146]
[ 0.31026066  0.15527858 -0.35901655]
[ 0.31027318  0.15491612 -0.35901835]
[0.31117692 0.29328152 0.06989693]
[0.311686   0.29415579 0.06686169]
[ 0.31291958  0.32112998 -0.0108557 ]
[0.31460963 0.30461522 0.02581319]
[ 0.31509382  0.3216906  -0.00668204]
[ 0.31691247  0.32208189 -0.00303786]
[0.31869625 0.30249385 0.04113693]
[0.31890657 0.32194171 0.00208031]
[0.31984902 0.32180132 0.00464545]
[0.32072159 0.30517368 0.03252853]
[0.32080958 0.30520489 0.03202847]
[0.32171669 0.30555833 0.02605798]
[0.32189122 0.31903255 0.00733607]
[0.32212424 0.30636048 0.02437618]
[0.3225018  0.31658429 0.01001321]
[0.32284589 0.30894785 0.01875262]
[0.32334161 0.31303739 0.01390288]
[0.32336624 0.31107803 0.01616111]