[-0.21110918 -0.0800311  -0.36778434]
[-0.21105275 -0.0786414  -0.36829042]
[-0.21102265 -0.07015079 -0.37131482]
[-0.21101784 -0.06995518 -0.37136245]
[-0.21056102 -0.08200565 -0.36720025]
[-0.21016801 -0.0671269  -0.3721968 ]
[-0.20805546 -0.06357922 -0.37343883]
[-0.20697778 -0.08956005 -0.36528481]
[-0.2041962  -0.05942483 -0.37515202]
[-0.2031028  -0.09501896 -0.36417687]
[-0.20105631 -0.09726291 -0.36381889]
[-0.19917851 -0.0558269  -0.37694862]
[-0.19795604 -0.05471536 -0.37744246]
[-0.19672583 -0.0536595  -0.37734873]
[-0.19472638 -0.10343898 -0.3607489 ]
[-0.19424366 -0.10393707 -0.36049993]
[-0.19416988 -0.05268873 -0.37713999]
[-0.19387515 -0.1041931  -0.36037792]
[-0.18306559 -0.04831946 -0.37623482]
[-0.18250571 -0.11215692 -0.35657827]
[-0.17868928 -0.11568683 -0.35734935]
[-0.17857618 -0.07795986 -0.37550904]
[-0.17687524 -0.04765723 -0.37570989]
[-0.16747459 -0.0470427  -0.37776556]
[-0.16491227 -0.04675059 -0.37832517]
[-0.16340607 -0.04688853 -0.37865587]
[-0.15982509 -0.12669612 -0.36424751]
[-0.15689307 -0.12793181 -0.36554761]
[-0.15310186 -0.0485069  -0.38092211]
[-0.15301835 -0.12508956 -0.36941121]
[-0.15101058 -0.04888104 -0.38158535]
[-0.14660993 -0.11937599 -0.37162066]
[-0.142804   -0.11604084 -0.37292045]
[-0.14010378 -0.05037944 -0.38500891]
[-0.13764105 -0.05075911 -0.38578518]
[-0.13582271 -0.1097584  -0.3753398 ]
[-0.13459739 -0.1087632  -0.37574152]
[-0.13387172 -0.0531503  -0.38711519]
[-0.13257876 -0.10700737 -0.37704102]
[-0.12784569 -0.10312975 -0.37999066]
[-0.1272567  -0.10261472 -0.38037093]
[-0.1268659  -0.07656926 -0.39107459]
[-0.12527856 -0.09823484 -0.38272564]
[-0.12455283 -0.05929325 -0.39263969]
[-0.12370667 -0.09423805 -0.38480674]
[-0.12366354 -0.05985123 -0.39316718]
[-0.12255652 -0.06048368 -0.39382445]
[-0.12160714 -0.08071794 -0.38627435]
[-0.12158529 -0.08059428 -0.38629237]
[-0.12006001 -0.0620573  -0.3953052 ]
[-0.11992199 -0.07300222 -0.38717294]
[-0.11941997 -0.06240365 -0.39445192]
[-0.11930892 -0.06913453 -0.38942622]
[-0.1192154  -0.07115977 -0.38785771]