[-0.14734776  0.0078906  -0.0810331 ]
[-0.14544433  0.01175158 -0.09216757]
[-0.14309618  0.01741559 -0.08189636]
[-0.14199963  0.01919428 -0.1001836 ]
[-0.14110172  0.00215588 -0.08279157]
[-0.1400437   0.02433739 -0.0802994 ]
[-0.13718365  0.03048226 -0.07883649]
[-0.13378259  0.03938167 -0.07694082]
[-0.13221955  0.03889705 -0.1214763 ]
[-0.130306    0.04250176 -0.1306667 ]
[-0.1294894   0.04413899 -0.13486355]
[-0.12934935  0.04438728 -0.13549306]
[-0.12906897  0.04476521 -0.13642223]
[-0.12842112  0.04567685 -0.13867587]
[-0.12746039  0.0478491  -0.13897235]
[-0.1252041   0.05891585 -0.07244484]
[-0.11974373  0.07128329 -0.0670666 ]
[-0.11938822  0.06667943 -0.14158198]
[-0.11640956  0.07892165 -0.06706493]
[-0.11495667  0.07182059 -0.15879482]
[-0.11495616  0.08236145 -0.06706993]
[-0.11462739  0.07223207 -0.16013286]
[-0.11369481  0.08526451 -0.06468921]
[-0.11339634  0.07316208 -0.16391635]
[-0.11227473  0.0740848  -0.16751455]
[-0.10620332  0.09995042 -0.05178964]
[-0.10531538  0.08249687 -0.18497266]
[-0.10273989  0.0675501  -0.06483818]
[-0.10225676  0.08463136 -0.1901985 ]
[-0.10099174  0.11039709 -0.04270417]
[-0.10049836  0.04867763 -0.13497901]
[-0.09982892  0.08173507 -0.19893267]
[-0.09974257  0.11287867 -0.04014332]
[-0.09870965  0.11499405 -0.03911105]
[-0.09844378  0.11552436 -0.03884861]
[-0.09840661  0.07949091 -0.20623685]
[-0.0974107   0.11220718 -0.03906551]
[-0.09690894  0.07799096 -0.21047913]
[-0.09643901  0.0777054  -0.21163823]
[-0.09424295  0.12411571 -0.03737187]
[-0.08766748  0.07344614 -0.22579741]
[-0.08758952  0.07337055 -0.22595207]
[-0.08727242  0.07307794 -0.22653015]
[-0.08316397  0.14299515  0.01466662]
[-0.08316301  0.14288415  0.01583001]
[-0.08312207  0.14302392  0.01531432]
[-0.08294776  0.14330266  0.01637229]
[-0.08289572  0.14255013  0.01545774]
[-0.08223541  0.14577321  0.00700217]
[-0.07981764  0.14997547 -0.03268997]
[-0.07837019  0.15223719 -0.01261642]
[-0.07683852  0.15491499  0.03449702]
[-0.07600001  0.15672506 -0.02590922]
[-0.07524146  0.06461983 -0.23938325]
[-0.07338872  0.06347425 -0.24082357]
[-0.07235879  0.16389962  0.04837698]
[-0.07134197  0.06232142 -0.24202763]
[-0.0711968   0.16671915  0.05259121]
[-0.06882404  0.17258413  0.06648637]
[-0.06839555  0.06455051 -0.24213048]
[-0.06808985  0.17475442  0.07147076]
[-0.06779225  0.15508147 -0.03054444]
[-0.06612213  0.17956781  0.05139644]
[-0.06459747  0.18142631  0.04372507]
[-0.06300825  0.18246602  0.03951   ]
[-0.06188706  0.23166669 -0.34060443]
[-0.06172347  0.23942162 -0.34124341]
[-0.06164535  0.22847848 -0.34041886]
[-0.06073307  0.24280125 -0.34175129]
[-0.06056899  0.18467873  0.03044144]
[-0.06044377  0.18485084  0.02972939]
[-0.06038419  0.24408481 -0.34219605]
[-0.06021415  0.22108105 -0.34020553]
[-0.05889571  0.24899517 -0.34392609]
[-0.05853292  0.21657084 -0.34027731]
[-0.05819428  0.18798664  0.01933068]
[-0.05813298  0.2156076  -0.34030284]
[-0.05750428  0.07312741 -0.24563673]
[-0.05701899 -0.05793924 -0.06378165]
[-0.05632027  0.25342629 -0.34571634]
[-0.05578428  0.20939325 -0.34150606]
[-0.05513631  0.07096206 -0.24694604]
[-0.05513388  0.06950699 -0.19552953]
[-0.05409709  0.25764586 -0.3473785 ]
[-0.05404323  0.25769476 -0.34740299]
[-0.05349517  0.19488462  0.01644688]
[-0.05169722  0.20222893 -0.34347242]
[-0.05100151  0.26045804 -0.34882695]
[-0.05062155  0.18774077  0.0185754 ]
[-0.0475034   0.26388483 -0.35054077]
[-0.04619142  0.20568116  0.01603765]
[-0.04612173  0.19143729 -0.34619043]
[-0.04401431  0.06080657 -0.25362154]
[-0.0428173   0.0597166  -0.25444709]
[-0.04254321  0.18718995 -0.34784141]
[-0.04218515  0.21227821  0.01567753]
[-0.04184997  0.26685165 -0.35252326]
[-0.04167239  0.05865211 -0.25445904]
[-0.03980579  0.21515665  0.01567259]
[-0.03976234  0.26781144 -0.35321377]
[-0.03920843  0.05634059 -0.25375506]
[-0.03908536  0.18301808 -0.34973253]
[-0.03733838  0.09112622 -0.07195456]
[-0.03707114  0.26831903 -0.3538805 ]
[-0.03538943  0.25018014 -0.34864642]
[-0.03514413  0.26867224 -0.35446397]
[-0.03389213  0.1755033  -0.35275991]
[-0.03318942  0.16912428  0.0988198 ]
[-0.03318784  0.22402703  0.01548516]
[-0.03186288  0.17371623 -0.35377065]
[-0.03116615  0.0488366  -0.25289874]
[-0.03039419  0.17241204 -0.35419836]
[-0.02942683  0.26972361 -0.35619612]
[-0.02618141  0.26967787 -0.35697932]
[-0.02478878  0.23443     0.00828999]
[-0.02402598  0.16670991 -0.3560528 ]
[-0.02316611  0.23678587  0.00971675]
[-0.02287192  0.17798384 -0.35642321]
[-0.02096611  0.16397007 -0.35694384]
[-0.02000426  0.12750725  0.03307777]
[-0.01904227  0.26972196 -0.35874723]
[-0.01790392  0.16229604 -0.35783853]
[-0.01717548  0.24563115  0.01498066]
[-0.01490525  0.26927764 -0.35962543]
[-0.01325596  0.23092132  0.01890442]
[-0.01101207  0.26892296 -0.36003929]
[-0.00928655  0.25597891  0.0114542 ]
[-0.00888789  0.15738065 -0.35857357]
[-0.00793163  0.26858596 -0.3603431 ]
[-0.00515017  0.26221812  0.00937256]
[-0.00499262  0.15550083 -0.35887216]
[-0.00491821  0.02937121 -0.25073842]
[-0.00306595  0.26517054  0.00837838]
[0.00116886 0.27141115 0.00628925]
[ 0.00154211  0.02401762 -0.25013567]
[ 0.00199143  0.26650175 -0.36090249]
[ 0.00348314  0.15431824 -0.35929553]
[ 0.00361989  0.15428907 -0.35930315]
[0.00563754 0.2789562  0.00381032]
[ 0.00726434  0.15373365 -0.36058578]
[ 0.0092154   0.26409541 -0.36093646]
[0.01066957 0.28754445 0.00233894]
[0.01308232 0.29162879 0.00115224]
[ 0.01360501  0.26236275 -0.36084356]
[ 0.01563808  0.01284855 -0.24526339]
[ 0.01568597  0.26170377 -0.36013553]
[ 0.01678855  0.15418181 -0.36331835]
[ 0.01682448  0.29822447 -0.00073228]
[0.01733912 0.28372213 0.0016054 ]
[ 0.01842965  0.01064792 -0.24422001]
[ 0.02101058  0.01132163 -0.2244428 ]
[ 0.02324739  0.1583297  -0.36391816]
[ 0.02340881 -0.0025216  -0.24035795]
[ 0.02346407  0.30985851 -0.00553173]
[ 0.0234865   0.30988812 -0.00554624]
[ 0.02351758  0.30992031 -0.00556478]
[ 0.02381085 -0.00368413 -0.24028107]
[ 0.02498572  0.24539931 -0.35536674]
[ 0.02714119  0.2566204  -0.35606316]
[ 0.02730853  0.25651437 -0.35599986]
[ 0.02920268  0.25496864 -0.35626689]
[ 0.0312087   0.16155731 -0.3613839 ]
[ 0.03199816  0.25198317 -0.35664446]
[ 0.03423498  0.25020205 -0.35696084]
[ 0.03481783  0.18736726 -0.3579479 ]
[0.03645432 0.22221154 0.05326949]
[ 0.03702687  0.32577268 -0.01395463]
[ 0.03720495  0.16198236 -0.3596636 ]
[ 0.03912974  0.32948479 -0.01547951]
[ 0.03934096  0.16408002 -0.36165346]
[ 0.04101745  0.24441923 -0.35865508]
[ 0.04187014  0.17002676 -0.36407302]
[ 0.0421122   0.3339175  -0.01475424]
[ 0.04240709 -0.00780877 -0.2371738 ]
[ 0.04417408 -0.00936628 -0.23686802]
[ 0.04597483  0.33923135 -0.01233296]
[ 0.04628806  0.23542349 -0.36022581]
[ 0.04629579 -0.00018191 -0.11494954]
[ 0.04683111  0.17846363 -0.36875984]
[ 0.04723927  0.330435   -0.01900908]
[0.04820268 0.13615045 0.11510387]
[ 0.04925262  0.23055199 -0.36092409]
[ 0.05012792  0.34456372 -0.00840704]
[ 0.05030099  0.2290813  -0.36116943]
[ 0.05288545  0.184935   -0.37023464]
[ 0.05352678  0.18989235 -0.36884167]
[ 0.05592411  0.20288434 -0.36436695]
[ 0.0563327   0.21597546 -0.36261039]
[ 0.0569145   0.20765663 -0.36279407]
[ 0.05881007 -0.02214825 -0.22711542]
[0.0631538  0.36361405 0.00566327]
[0.06474119 0.36608799 0.00685368]
[0.06615196 0.3683486  0.00794184]
[ 0.06654429 -0.02672109 -0.22224302]
[0.06779044 0.37117535 0.0093038 ]
[ 0.0692497  -0.02733286 -0.22066602]
[0.07031992 0.37419314 0.01748193]
[0.0717427  0.37586348 0.02220432]
[0.07425962 0.36421426 0.00584315]
[0.07597228 0.38149067 0.03736265]
[0.07674583 0.38297792 0.04091021]
[0.07784321 0.38484483 0.03907683]
[0.08022105 0.39035374 0.03406635]
[ 0.08041829 -0.02999403 -0.21527202]
[ 0.08087241 -0.02771518 -0.19540878]
[0.08488531 0.40096745 0.02437441]
[ 0.0853779  -0.03363206 -0.21233676]
[0.08589873 0.40334942 0.02221479]
[0.08909012 0.41154335 0.01175406]
[0.0893323  0.41199882 0.01115528]
[0.08952037 0.41235261 0.01068972]
[ 0.09105707 -0.03752165 -0.20690311]
[ 0.09241946 -0.03801137 -0.20571428]
[0.09351681 0.41893238 0.00189815]
[ 9.51989555e-02  4.20278251e-01 -1.31175411e-04]
[ 0.09559895  0.42054998 -0.00055702]
[ 0.09894453  0.08956833 -0.01703496]
[ 0.09914733  0.42317993 -0.00278639]
[ 0.10170099 -0.04100984 -0.19649466]
[ 0.10273469  0.42496247 -0.0043253 ]
[ 0.10442325  0.42547033 -0.00477947]
[0.1061211  0.07923803 0.11032661]
[ 0.10662219 -0.06280438 -0.05900241]
[0.1074229  0.41250466 0.00572803]
[ 0.10797988  0.42532056 -0.01015403]
[ 0.10894057  0.42532913 -0.01166319]
[ 0.11109509  0.4247436  -0.01433933]
[ 0.11198653 -0.03655493 -0.18901599]
[ 0.11278613  0.42424488 -0.01639395]
[ 0.11652133 -0.03600004 -0.18522258]
[ 0.11669913  0.28276731 -0.00752103]
[ 0.11727826  0.42343453 -0.02031253]
[ 0.11986373  0.42239111 -0.02177585]
[ 0.12355855 -0.0349663  -0.1790678 ]
[0.13072392 0.34259323 0.0444815 ]
[ 0.13140085  0.41745612 -0.02792267]
[ 0.13150968  0.41740778 -0.02797819]
[ 0.13170008  0.41730541 -0.02805092]
[ 0.13670212 -0.06724318 -0.07294523]
[ 0.13761694  0.41412919 -0.03031756]
[ 0.13832858 -0.01828735 -0.14362402]
[ 0.13842915 -0.03044336 -0.16243138]
[ 0.13883917 -0.03023821 -0.16184779]
[ 0.13889082 -0.06466618 -0.08600256]
[ 0.14050671 -0.06141747 -0.10123272]
[ 0.14162586 -0.05921241 -0.07849759]
[ 0.14296809 -0.0564893  -0.10933851]
[ 0.14433583 -0.05147129 -0.11622176]
[ 0.14540367 -0.02306966 -0.15468032]
[ 0.14589913 -0.05066819 -0.08390433]
[ 0.1460376  -0.05039153 -0.08392242]
[ 0.14739144  0.40764366 -0.03625748]
[ 0.14784641 -0.0418035  -0.13053685]
[ 0.14811859 -0.03906681 -0.1337206 ]
[ 0.14893421 -0.02413204 -0.14807046]
[ 0.15094827 -0.026296   -0.14292415]
[ 0.15120091 -0.02486879 -0.14432756]
[ 0.15125648 -0.02537445 -0.14362493]
[ 0.15134642 -0.02490219 -0.1439601 ]
[ 0.15141908  0.40475631 -0.03816613]
[ 0.15733116 -0.00059873 -0.07728292]
[ 0.16233959  0.38904126 -0.02356812]
[ 0.1627971  -0.02050521 -0.08718444]
[ 0.16323799  0.39953285 -0.03819649]
[ 0.16570525 -0.0154049  -0.08251401]
[ 0.16658365  0.39715299 -0.0397501 ]
[0.1671909  0.17100011 0.03498137]
[ 0.16848108 -0.01042591 -0.07798594]
[ 0.16890401 -0.00965676 -0.07728936]
[ 1.74125077e-01 -8.07878480e-05 -7.60663206e-02]
[ 0.17413817  0.39172782 -0.04319254]
[ 0.17571959  0.39093999 -0.04332969]
[0.18260233 0.07160815 0.06824767]
[ 0.18558483  0.02084864 -0.06528397]
[ 0.18583532  0.38576628 -0.04391538]
[ 0.18628186  0.0482422  -0.05199419]
[ 0.18965788  0.02718397 -0.0619854 ]
[ 0.19593486  0.03683306 -0.05516618]
[ 0.19967677  0.04261963 -0.0516242 ]
[0.20022356 0.06631189 0.00620011]
[ 0.20119516  0.04551358 -0.04224927]
[ 0.20179867  0.04625297 -0.04945116]
[ 0.20185025  0.37713648 -0.0438893 ]
[0.20320231 0.2655664  0.09613854]
[ 0.20471072  0.0521344  -0.02266106]
[ 0.20546978  0.17570014 -0.34363188]
[ 0.20554082  0.17480215 -0.34347991]
[ 0.20576913  0.18273286 -0.34581609]
[ 0.20601302  0.16213284 -0.34152076]
[ 0.20745285  0.05702566 -0.00803204]
[ 0.20834923  0.18752309 -0.34584836]
[0.20888404 0.0604787  0.08229897]
[0.2089306  0.06048105 0.08106623]
[0.20929687 0.06060872 0.06514092]
[ 0.20930015  0.1912618  -0.3445061 ]
[0.20932783 0.06111306 0.08120593]
[ 0.20935346  0.15446052 -0.33926932]
[0.20941096 0.06072952 0.05556056]
[ 0.20942805  0.19425482 -0.34376963]
[0.20945633 0.0607888  0.05328854]
[ 0.20949857  0.06056979 -0.00284127]
[0.20968483 0.0611564  0.03984736]
[ 0.20990702  0.19560884 -0.34321168]
[0.20997926 0.06160696 0.02319671]
[0.20999586 0.06162767 0.02239379]
[ 0.21008985  0.06157444 -0.00137042]
[0.21162018 0.06456909 0.07526977]
[0.21180594 0.06455792 0.01052889]
[ 0.21191079  0.14858684 -0.33754569]
[ 0.2119536  0.1485108 -0.3375317]
[0.21283037 0.06656846 0.07185306]
[ 0.21385766  0.20362224 -0.3405963 ]
[ 0.2148876   0.18844259 -0.34215301]
[ 0.21517131  0.20503258 -0.33988923]
[0.21564032 0.07128413 0.07394722]
[ 0.21636126  0.20601371 -0.33928717]
[0.21788531 0.07487099 0.07555902]
[ 0.21965518  0.20741364 -0.33930235]
[ 0.22279099  0.14216009 -0.33349831]
[ 0.22357748  0.14169921 -0.3332056 ]
[ 0.22395644  0.36711083 -0.04075204]
[ 0.22426815  0.36697108 -0.04071056]
[ 0.22452283  0.36648891 -0.04129091]
[ 0.22494473  0.35059254 -0.01322919]
[0.22705766 0.08966249 0.06955216]
[ 0.22789544  0.13916889 -0.33159858]
[ 0.22924111  0.21240542 -0.33919097]
[ 0.23066317  0.17046104 -0.30319468]
[ 0.2307189   0.21242705 -0.33930059]
[ 0.23137827  0.14361804 -0.33005412]
[0.23185695 0.09790098 0.06612613]
[ 0.23314082  0.3498375  -0.06028414]
[ 0.23393098  0.21380249 -0.33571156]
[ 0.2357123   0.13385752 -0.32633106]
[0.23776666 0.28516327 0.0176272 ]
[0.2380621  0.13078062 0.04909057]
[0.2384953  0.10899462 0.06155841]
[ 0.23857365  0.21590553 -0.3306232 ]
[ 0.24014622  0.21646028 -0.32876379]
[ 0.2406229   0.13113514 -0.32500446]
[ 0.24255715  0.32140375 -0.06135217]
[0.24363755 0.11765265 0.05664745]
[ 0.24538394  0.21617899 -0.32950896]
[ 0.24697891  0.33728148 -0.06720338]
[0.24754471 0.12456745 0.05272362]
[ 0.24811204  0.12543231 -0.32244329]
[ 0.25058727  0.21509374 -0.3298296 ]
[0.25294006 0.13347561 0.0570577 ]
[ 0.25622469  0.32785853 -0.07354517]
[ 0.25624976  0.12267058 -0.32085182]
[ 0.25693087  0.32717462 -0.0740345 ]
[ 0.26086387  0.21342572 -0.33071041]
[ 0.26125147  0.322451   -0.07695377]
[0.26272644 0.14971058 0.06374884]
[ 0.26289608  0.21353823 -0.32902406]
[ 0.26496074  0.31841777 -0.07946305]
[ 0.26507781  0.31832359 -0.07948635]
[ 0.26557641  0.12002343 -0.31920754]
[0.26582219 0.29921009 0.13189937]
[0.27115235 0.1634061  0.06948146]
[ 0.2733236   0.20999022 -0.32218223]
[0.27360942 0.20335621 0.07475951]
[ 0.27362564  0.20989499 -0.32198074]
[0.2738062  0.22659544 0.12483416]
[0.27473343 0.16966845 0.07196217]
[ 0.27589921  0.20871736 -0.32066635]
[ 0.27848773  0.11685979 -0.32439788]
[ 0.27919025  0.11692987 -0.32463037]
[0.27933542 0.17767818 0.07556414]
[ 0.2813234   0.30930267 -0.07588626]
[0.28164439 0.18181996 0.07738405]
[ 0.28308531  0.20515621 -0.31644128]
[0.28531979 0.18836735 0.08092118]
[ 0.28552683  0.20358842 -0.31680579]
[ 0.28552811  0.11794528 -0.32823593]
[ 0.28555331  0.20356551 -0.31681168]
[ 0.28560582  0.18827201 -0.32182326]
[ 0.2856299   0.20348976 -0.31683183]
[ 0.28641128  0.11787639 -0.32880853]
[ 0.28700688  0.11796574 -0.32914938]
[0.28706624 0.19247356 0.08274372]
[0.28865414 0.1963481  0.08319318]
[ 0.28931585  0.1384546  -0.32375276]
[ 0.29077662  0.19858471 -0.31812492]
[0.2918419  0.20610752 0.08390627]
[0.29318835 0.21042    0.08418929]
[ 0.29331304  0.12135484 -0.33194353]
[ 0.29344739  0.30099159 -0.07244967]
[ 0.29400759  0.12165327 -0.33227623]
[ 0.29426972  0.30041209 -0.07220908]
[0.29445283 0.21685472 0.0976955 ]
[ 0.29459465  0.12188133 -0.33221644]
[0.29470138 0.25115266 0.0328642 ]
[0.29497614 0.21974452 0.1037743 ]
[0.29499798 0.22013208 0.10460387]
[0.29504054 0.22135883 0.10723768]
[ 0.29507078  0.25684735 -0.05155178]
[ 0.29561562  0.12285466 -0.33183371]
[ 0.29563333  0.19395604 -0.31934514]
[0.29653197 0.23386823 0.11778283]
[0.29707899 0.2857114  0.0816872 ]
[ 0.29718448  0.19182622 -0.31994849]
[ 0.30010788  0.1876365  -0.32338945]
[0.30067925 0.25841818 0.11965365]
[ 0.30074189  0.29466073 -0.06975013]
[0.30088529 0.25981076 0.1197701 ]
[0.30093998 0.26017104 0.1197797 ]
[ 0.30129663  0.12846518 -0.32961006]
[ 0.30202256  0.12918209 -0.32932592]
[ 0.30257488  0.12999333 -0.32898128]
[ 0.30264576  0.18402652 -0.32635568]
[ 0.30394847  0.18225876 -0.32673001]
[ 0.30458896  0.2906696  -0.06928468]
[0.30466132 0.28396277 0.11879564]
[0.30480464 0.24450421 0.02712269]
[0.30566967 0.28305223 0.10183044]
[ 0.30613556  0.28868533 -0.06893343]
[0.30642942 0.24801651 0.01645509]
[0.30650101 0.28248717 0.09383985]
[0.3067225  0.24994014 0.03089757]
[0.30689818 0.2487994  0.01386753]
[0.30729303 0.28219612 0.08659844]
[0.30748207 0.26140982 0.04853754]
[ 0.30751232  0.1381786  -0.32544932]
[0.30769075 0.26399494 0.0521927 ]
[ 0.30772988  0.13874118 -0.32519611]
[ 0.30784282  0.13907447 -0.32525006]
[0.30792585 0.25733131 0.0361571 ]
[ 0.30800341  0.1731798  -0.32796415]
[0.30801452 0.28193098 0.08000176]
[0.3082045  0.26909954 0.05942016]
[0.30831121 0.28182203 0.07731864]
[ 0.30836488  0.24962118 -0.00448089]
[ 0.30892263  0.17103436 -0.3282456 ]
[ 0.30903041  0.25027571 -0.0169019 ]
[ 0.31030264  0.14732227 -0.3265598 ]
[ 0.31032301  0.16346287 -0.32875734]
[ 0.31055798  0.25090299 -0.03268781]
[ 0.310707    0.2511169  -0.03336381]
[ 0.31103754  0.25181725 -0.03557771]
[ 0.31136351  0.15806208 -0.32810189]
[ 0.31136983  0.15764488 -0.32804562]
[ 0.31139842  0.15789749 -0.32808216]
[ 0.31302298  0.27824817 -0.06667749]
[ 0.31381759  0.27528624 -0.06565756]
[ 0.31384189  0.25672217 -0.05108087]
[ 0.31407488  0.27454094 -0.06506725]
[ 0.31464768  0.25878742 -0.05268648]
[ 0.31577135  0.26541653 -0.05786924]
[ 0.31615448  0.26761065 -0.05958442]