[-0.24984632 -0.24401656  0.08213073]
[-0.24984615 -0.24401656  0.08213132]
[-0.24856579 -0.24353847  0.09007156]
[-0.24847721 -0.24174616  0.07560053]
[-0.2484763  -0.24174555  0.07559681]
[-0.24847486 -0.24174481  0.07559102]
[-0.2482034  -0.24142992  0.0609603 ]
[-0.24721334 -0.23996445  0.06978356]
[-0.24427481 -0.24385688  0.10332969]
[-0.24361845 -0.24389181  0.10545344]
[-0.24334216 -0.24393303  0.10616308]
[-0.24323662 -0.25031006  0.06220964]
[-0.24230259 -0.23299539  0.05475426]
[-0.24048332 -0.24428249  0.11404155]
[-0.23931125 -0.24440322  0.11742829]
[-0.2373037  -0.22691115  0.04992663]
[-0.23644444 -0.24289803  0.12149156]
[-0.23455294 -0.22191374  0.04660196]
[-0.23328639 -0.24241906  0.12474626]
[-0.23215356 -0.21633147  0.04320647]
[-0.2308495  -0.24190064  0.12741188]
[-0.2276009  -0.24294339  0.13373667]
[-0.22736834 -0.20643573  0.03274743]
[-0.22663535 -0.20657557  0.02621109]
[-0.22618976 -0.20665973  0.02059635]
[-0.22585251 -0.2067245   0.01841243]
[-0.22429053 -0.24449895  0.13843666]
[-0.22306156 -0.24502926  0.14034854]
[-0.22279451 -0.20463342  0.00370456]
[-0.22151249 -0.20381006 -0.00211594]
[-0.22029224 -0.20335832 -0.00550374]
[-0.2200865  -0.20280138 -0.00578926]
[-0.21965098 -0.2292754  -0.01804822]
[-0.21940025 -0.22567212 -0.01863689]
[-0.2193054  -0.19884654 -0.00746944]
[-0.21906391 -0.23785497 -0.01845055]
[-0.21860867 -0.24485954  0.14420433]
[-0.21848588 -0.21799868 -0.01975933]
[-0.21848241 -0.2399606  -0.01825893]
[-0.21785941 -0.2155043  -0.02001067]
[-0.21751653 -0.19545474 -0.01313019]
[-0.21712613 -0.19182055 -0.01085874]
[-0.21695646 -0.21164434 -0.02042253]
[-0.21653756 -0.20824592 -0.02091484]
[-0.21561025 -0.2553483   0.126794  ]
[-0.21538096 -0.24440658 -0.01994602]
[-0.21303313 -0.23682339 -0.01435206]
[-0.21198343 -0.24986628 -0.02216398]
[-0.21193054 -0.20945177  0.03086003]
[-0.20897588 -0.25307307 -0.02310679]
[-0.20449399 -0.24801219  0.14946253]
[-0.20399737 -0.25664775 -0.02556535]
[-0.20157799 -0.24830847  0.1502261 ]
[-0.20089662 -0.24837337  0.15041464]
[-0.20041109 -0.24847297  0.15042445]
[-0.19976983 -0.20290919 -0.016133  ]
[-0.19547255 -0.26292236 -0.02985296]
[-0.17783157 -0.2718213  -0.03665743]
[-0.17650782 -0.25272079  0.15243809]
[-0.17632288 -0.252762    0.15243419]
[-0.17336712 -0.25364567  0.15250621]
[-0.1708529  -0.27937827 -0.03670086]
[-0.16842117 -0.29298038 -0.02951941]
[-0.16679478 -0.30187752 -0.02479991]
[-0.16562691 -0.25580185  0.1532169 ]
[-0.16539724 -0.25057555  0.04520797]
[-0.16536462 -0.30528137 -0.02249527]
[-0.163078   -0.25650798  0.15346387]
[-0.16207737 -0.30952053 -0.02028066]
[-0.16146812 -0.26061004  0.1415302 ]
[-0.16076109 -0.26612663 -0.03600004]
[-0.16067532 -0.31310863 -0.01780533]
[-0.15977209 -0.30721647 -0.01823274]
[-0.15543342 -0.31550042 -0.01803021]
[-0.15415986 -0.25897861  0.15432795]
[-0.15381075 -0.31660965 -0.01778264]
[-0.13945142 -0.26031576  0.15418702]
[-0.13200385 -0.33156585 -0.01445989]
[-0.12975206 -0.20477024 -0.01740978]
[-0.1279394  -0.26127451  0.15456893]
[-0.12479394 -0.335103   -0.01323969]
[-0.11715726 -0.26224555  0.15451707]
[-0.11711778 -0.29019214  0.07859083]
[-0.11584174 -0.33891909 -0.01223724]
[-0.11524453 -0.26213044  0.15435391]
[-0.10729733 -0.30673565 -0.00708652]
[-0.10585487 -0.34049502 -0.01080505]
[-0.10530528 -0.2616629   0.15322454]
[-0.10293993 -0.26548473  0.15505282]
[-0.10223984 -0.34117698 -0.01029968]
[-0.10186282 -0.3411545  -0.01035839]
[-0.10164489 -0.26546104  0.1442503 ]
[-0.09839088 -0.27258115  0.15715356]
[-0.09548541 -0.27546511  0.15782829]
[-0.09544597 -0.27550451  0.15783825]
[-0.09523534 -0.27569358  0.15782469]
[-0.08942942 -0.33861425 -0.01216882]
[-0.08842417 -0.28183154  0.15746167]
[-0.08528139 -0.28716838  0.15802936]
[-0.08396829 -0.28938489  0.1582902 ]
[-0.08373855 -0.28978273  0.15831796]
[-0.08317437 -0.33754326 -0.01309407]
[-0.07933231 -0.33609978 -0.01360754]
[-0.07654422 -0.30324382  0.1574026 ]
[-0.07343803 -0.33421687 -0.01441843]
[-0.07271501 -0.31012105  0.15742716]
[-0.07030466 -0.31451217  0.15733196]
[-0.07009246 -0.33240308 -0.01634453]
[-0.06995029 -0.31485405  0.15722961]
[-0.0689221  -0.33179262 -0.01701195]
[-0.06882913 -0.34668885  0.10477923]
[-0.06609061 -0.32982994 -0.01875554]
[-0.06336938 -0.31982162  0.15767038]
[-0.06039606 -0.32541518 -0.02238619]
[-0.05960077 -0.32465031 -0.02293259]
[-0.0583423  -0.32473666  0.15610803]
[-0.05824809 -0.32352698 -0.02381482]
[-0.05666896 -0.29173927 -0.03293057]
[-0.05605219 -0.32664401  0.15595858]
[-0.05339838 -0.32743294  0.15462963]
[-0.05232406 -0.31944875 -0.02355447]
[-0.05084567 -0.31606818  0.04101126]
[-0.04926393 -0.31649772 -0.0236726 ]
[-0.04802223 -0.33118027  0.15058319]
[-0.04621679 -0.33232723  0.14929455]
[-0.04568558 -0.33263187  0.1488863 ]
[-0.0454566  -0.34316016  0.14223001]
[-0.0446539  -0.33390783  0.1476669 ]
[-0.04382567 -0.31765434  0.03673971]
[-0.04332498 -0.31615471  0.0346452 ]
[-0.04322164 -0.32157611  0.04954275]
[-0.04305331 -0.32282337  0.05340223]
[-0.04238597 -0.31877768  0.04555989]
[-0.04230502 -0.31400174  0.03137942]
[-0.04194831 -0.32521728  0.05984259]
[-0.04190109 -0.31179822  0.02433689]
[-0.04189911 -0.31729232  0.04344909]
[-0.04078224 -0.33917235  0.14279401]
[-0.04068801 -0.33966315  0.14244937]
[-0.0406799  -0.33026535  0.07473687]
[-0.0406382  -0.33125506  0.07693801]
[-0.0403583  -0.33166726  0.07791377]
[-0.04014165 -0.33219884  0.07913968]
[-0.03986505 -0.33886866  0.09397246]
[-0.03970696 -0.34218708  0.1374836 ]
[-0.03951917 -0.34268435  0.13651123]
[-0.03950042 -0.30774587 -0.02385098]
[-0.03932447 -0.3402311   0.09997989]
[-0.03871096 -0.30701385 -0.02405198]
[-0.03869441 -0.34069635  0.10236022]
[-0.03857875 -0.30602839  0.00505632]
[-0.03855754 -0.341419    0.10543596]
[-0.03843519 -0.3427666   0.12934223]
[-0.03833301 -0.3429992   0.12052328]
[-0.03817575 -0.30505268  0.00185476]
[-0.03811883 -0.34318344  0.11302293]
[-0.03802757 -0.34315043  0.11386564]
[-0.03791928 -0.34284522  0.12450071]
[-0.03668798 -0.30353193 -0.00345403]
[-0.03476859 -0.30148701 -0.01056258]
[-0.03441016 -0.30234944 -0.02543203]
[-0.03203679 -0.29753001 -0.00929034]
[-0.02896441 -0.29491408 -0.02782374]
[-0.02813966 -0.29393974 -0.02812204]
[-0.02568231 -0.2899978  -0.02453019]
[-0.02295412 -0.28580967 -0.02068727]
[-0.02159021 -0.28361993 -0.01869227]
[-0.01599851 -0.27365653 -0.00200947]
[-0.01473858 -0.27157278 -0.00149863]
[-0.01395228 -0.26509065 -0.00270028]
[-0.01314434 -0.26917457 -0.00565726]
[-0.01272322 -0.26829372 -0.00177143]
[-0.01191567 -0.26707281 -0.00375465]