[-0.20012152 -0.07310521 -0.32596402]
[-0.20011841 -0.07437715 -0.32606479]
[-0.20009967 -0.07377638 -0.32594548]
[-0.19992828 -0.07007436 -0.32609817]
[-0.19965763 -0.06619326 -0.32627396]
[-0.1991177  -0.08070005 -0.32754229]
[-0.19854927 -0.06331003 -0.32656135]
[-0.1967822  -0.08614622 -0.32908781]
[-0.19621235 -0.08762957 -0.32949649]
[-0.19609611 -0.08779573 -0.32955197]
[-0.19558644 -0.05587827 -0.32732044]
[-0.19549265 -0.08848958 -0.32947519]
[-0.19443556 -0.0542444  -0.32757365]
[-0.19185895 -0.0925319  -0.32902871]
[-0.19104938 -0.04886525 -0.33060868]
[-0.19057773 -0.04828893 -0.33097436]
[-0.1899334  -0.04786725 -0.33135327]
[-0.18590377 -0.09983827 -0.32821754]
[-0.18588131 -0.09986603 -0.32821582]
[-0.18462191 -0.10185423 -0.3280786 ]
[-0.18354738 -0.04380682 -0.33506952]
[-0.18100288 -0.10522601 -0.32790592]
[-0.18099346 -0.08438265 -0.1931871 ]
[-0.18069612 -0.08203124 -0.19162553]
[-0.18050296 -0.08752543 -0.19441244]
[-0.17853905 -0.10103477 -0.19981984]
[-0.17716585 -0.06336612 -0.17809443]
[-0.17710968 -0.06318997 -0.17794455]
[-0.17637914 -0.0608979  -0.17649102]
[-0.17596946 -0.05960439 -0.17968636]
[-0.17582787 -0.04134778 -0.3387536 ]
[-0.17546116 -0.10798639 -0.2005959 ]
[-0.17511921 -0.0569278  -0.18240084]
[-0.17481654 -0.10928336 -0.20067239]
[-0.17428625 -0.0407951  -0.33886361]
[-0.1737679  -0.05362349 -0.18599898]
[-0.17289406 -0.04036529 -0.33894698]
[-0.17208107 -0.04951876 -0.19047544]
[-0.17175625 -0.04021005 -0.33896992]
[-0.17054168 -0.11880995 -0.19919391]
[-0.16951387 -0.12011362 -0.20095546]
[-0.16910398 -0.11856315 -0.32712509]
[-0.16852213 -0.04090125 -0.19988775]
[-0.16785715 -0.07209787 -0.33157349]
[-0.16558675 -0.11903346 -0.32722291]
[-0.16470408 -0.1248746  -0.20689535]
[-0.16455551 -0.03136382 -0.20457208]
[-0.16371405 -0.02982438 -0.20549697]
[-0.16321178 -0.11933044 -0.3274154 ]
[-0.16246433 -0.1174676  -0.19311431]
[-0.16236132 -0.12679046 -0.21093628]
[-0.16234867 -0.02673149 -0.22310645]
[-0.16210614 -0.02661197 -0.22446707]
[-0.15986039 -0.03889673 -0.33913832]
[-0.15427207 -0.03919709 -0.33900592]
[-0.15406006 -0.01614941 -0.22805809]
[-0.15371713 -0.03920577 -0.33899765]
[-0.15073005 -0.11353583 -0.32914202]
[-0.14958307 -0.01026755 -0.23008293]
[-0.14863182 -0.0402552  -0.21666508]
[-0.14807662 -0.13498265 -0.228911  ]
[-0.14744077 -0.13522233 -0.22947242]
[-0.14644185 -0.00632453 -0.233458  ]
[-0.14522781 -0.1103673  -0.32996285]
[-0.14484133 -0.13605505 -0.23148658]
[-0.14415846 -0.03914341 -0.33807324]
[-0.1441171  -0.00464218 -0.23538353]
[-0.14377071 -0.13642894 -0.23237521]
[-0.14212652 -0.10894824 -0.33384034]
[-0.1392767  -0.10764425 -0.33740341]
[-0.13872997 -0.10675396 -0.33848065]
[-0.13842464 -0.10585397 -0.33932999]
[-0.13713257 -0.06207891 -0.15336228]
[-0.13653783 -0.0406227  -0.33692643]
[-0.13592669 -0.10397889 -0.34290335]
[-0.13392343  0.00435029 -0.24457488]
[-0.13390757 -0.09833554 -0.34263494]
[-0.13329392  0.00451234 -0.24496037]
[-0.12743882 -0.14213573 -0.24592009]
[-0.12682952 -0.04331967 -0.33524768]
[-0.12547301 -0.04391787 -0.33564606]
[-0.12425889 -0.08629584 -0.34327177]
[-0.12155223 -0.0827848  -0.34343323]
[-0.12013975 -0.08101699 -0.34342088]
[-0.11980767  0.00636449 -0.25601734]
[-0.11863472  0.00653521 -0.25698743]
[-0.11749519  0.00610002 -0.25740437]
[-0.11744745 -0.1485658  -0.24415207]
[-0.1171299  -0.14879508 -0.24410578]
[-0.11700418 -0.05250584 -0.33900036]
[-0.11681883 -0.14900036 -0.24405276]
[-0.11551035 -0.14981324 -0.2438096 ]
[-0.11545789  0.00544183 -0.25825457]
[-0.11410099 -0.15076419 -0.24338285]
[-0.11217876 -0.05926943 -0.34124577]
[-0.1079328  -0.06522502 -0.3432223 ]
[-0.1068831  -0.00875826 -0.25183945]
[-0.10642738 -0.13384641 -0.23353133]
[-0.10440948 -0.00324571 -0.26751891]
[-0.10424252 -0.00339089 -0.26767154]
[-0.10366692 -0.15784903 -0.24023857]
[-0.10331839 -0.15807295 -0.2401292 ]
[-0.10296603 -0.15830448 -0.24002039]
[-0.10250235 -0.15096547 -0.24997708]
[-0.10119739 -0.15718912 -0.2477214 ]
[-0.10113573 -0.1575614  -0.2464792 ]
[-0.10082977 -0.15939728 -0.24048296]
[-0.10077119 -0.14360365 -0.25243266]
[-0.10072182 -0.15997428 -0.23939383]
[-0.09862071 -0.13465297 -0.25554556]
[-0.09767426 -0.1308376  -0.25695545]
[-0.09542299 -0.12812671 -0.25792583]
[-0.09304345 -0.01703569 -0.27106857]
[-0.09096364 -0.1227117  -0.25972992]
[-0.08992761 -0.12145159 -0.2601437 ]
[-0.08613907 -0.0241918  -0.27536224]
[-0.08571985 -0.1154486  -0.26213332]
[-0.08446829 -0.02661654 -0.27518776]
[-0.08047854 -0.03233302 -0.27473832]
[-0.07937156 -0.03394327 -0.27456975]
[-0.07923034 -0.10607315 -0.26500403]
[-0.07686223 -0.1025258  -0.26583868]
[-0.07264626 -0.09610821 -0.26715219]
[-0.07228664 -0.04669157 -0.27456397]
[-0.07081394 -0.09334739 -0.26777088]
[-0.0705425  -0.0498683  -0.27443352]
[-0.06646025 -0.08406323 -0.26988617]
[-0.06392848 -0.06190412 -0.27397507]
[-0.0637978  -0.06980022 -0.24823869]
[-0.0636797  -0.07804364 -0.2709963 ]
[-0.06320214 -0.06318198 -0.27407221]
[-0.06280086 -0.06390376 -0.2740728 ]
[-0.06119722 -0.07270874 -0.27209271]
[-0.0597956  -0.06970725 -0.27274015]