[0.0576749  0.35453596 0.20393659]
[0.05781215 0.35495511 0.20326724]
[0.05817165 0.35112368 0.20735928]
[0.05883541 0.34754583 0.2107686 ]
[0.06081714 0.36090028 0.19969974]
[0.06096468 0.34300669 0.21347781]
[0.06099873 0.33703681 0.21396027]
[0.06123625 0.33140059 0.21345647]
[0.06135454 0.32682796 0.21308004]
[0.06141597 0.34197852 0.21413042]
[0.06314517 0.36557907 0.19690822]
[0.06545299 0.36873406 0.19470439]
[0.06578041 0.32377325 0.21695731]
[0.07037025 0.37538143 0.19141856]
[0.07173007 0.37722624 0.19050795]
[0.07301275 0.36898592 0.22832728]
[0.07377642 0.37341872 0.22624259]
[0.07444029 0.37642571 0.2247735 ]
[0.07516353 0.35976771 0.23125372]
[0.07549465 0.35899057 0.23170184]
[0.0756557  0.35858559 0.23194436]
[0.07593925 0.37875027 0.2232664 ]
[0.07613555 0.31828987 0.22255287]
[0.07639926 0.37939968 0.22312606]
[0.07731525 0.3276105  0.22558733]
[0.0780994  0.35508084 0.23322228]
[0.07845384 0.33970531 0.23042878]
[0.07919091 0.34528087 0.23217169]
[0.07994979 0.35237397 0.23423821]
[0.08003279 0.38530321 0.22179637]
[0.08155855 0.38767716 0.22126803]
[0.08212698 0.3541762  0.23089666]
[0.08302108 0.38933153 0.1838996 ]
[0.08368815 0.39013939 0.22077382]
[0.08411655 0.39052901 0.18325162]
[0.08632534 0.39295651 0.18252648]
[0.08699445 0.32526352 0.20183607]
[0.0879466  0.39509412 0.21939362]
[0.09026369 0.39674512 0.18123872]
[0.09036767 0.39777815 0.21865307]
[0.09462733 0.4017466  0.21760051]
[0.0956982  0.40202854 0.18122448]
[0.09889765 0.39312458 0.17853021]
[0.0989698  0.40487774 0.1706951 ]
[0.09923385 0.40596558 0.21648636]
[0.09991984 0.40573939 0.16872526]
[0.10461114 0.40962675 0.15923987]
[0.11165367 0.41727009 0.20666744]
[0.11220001 0.41831888 0.14231522]
[0.11527077 0.42158092 0.13563459]
[0.11585946 0.42248151 0.13417288]
[0.11628012 0.42402736 0.13106736]
[0.11631922 0.42353463 0.1328013 ]
[0.11636126 0.42657269 0.12141539]
[0.11663073 0.42224242 0.20250884]
[0.11810897 0.3634204  0.23179265]
[0.12036905 0.43342046 0.11651117]
[0.12187262 0.43580407 0.11540718]
[0.12345064 0.42905699 0.19724163]
[0.1262912  0.42034847 0.12016755]
[0.12740434 0.43270987 0.19432003]
[0.13186529 0.45593935 0.10653982]
[0.1325379  0.45718452 0.10598221]
[0.13339623 0.45856334 0.10534553]
[0.13364265 0.43849985 0.18890019]
[0.13478274 0.46065848 0.10436416]
[0.13771782 0.46501968 0.10254166]
[0.13964254 0.46663332 0.10170904]
[0.13980497 0.44481467 0.18322384]
[0.14174952 0.44720737 0.18121593]
[0.14568297 0.47037407 0.09948092]
[0.14587806 0.45286369 0.17207956]
[0.14650445 0.47088043 0.09858958]
[0.14864632 0.45694844 0.16569099]
[0.14887525 0.47165548 0.09665152]
[0.15129019 0.32850597 0.15860059]
[0.15164403 0.46360651 0.1567648 ]
[0.1522643  0.46497609 0.15494494]
[0.15364975 0.46626718 0.09917191]
[0.15441066 0.47196594 0.09351222]
[0.15448739 0.46884132 0.14934481]
[0.15544029 0.47191978 0.09249284]
[0.15637849 0.42196057 0.18953843]
[0.15697159 0.47244183 0.14372223]
[0.15819112 0.4716569  0.08988884]
[0.15914545 0.47595959 0.1384776 ]
[0.15966904 0.47669929 0.13757612]
[0.16147798 0.4782474  0.13508397]
[0.16432124 0.47994145 0.13162353]
[0.16440335 0.46962921 0.08523545]
[0.16705925 0.46844239 0.0835198 ]
[0.16865384 0.46759893 0.08260176]
[0.17030792 0.48089149 0.12595391]
[0.17103633 0.48106409 0.12522885]
[0.1716238  0.4809386  0.12480761]
[0.17273795 0.48083213 0.12451265]
[0.17788197 0.46178416 0.07539988]
[0.1795137  0.47998017 0.12276888]
[0.1796483  0.47996234 0.12273035]
[0.18254966 0.47943284 0.12193638]
[0.18279834 0.46413362 0.12570152]
[0.18399038 0.45754787 0.07080723]
[0.18867925 0.47740866 0.12048655]
[0.1900686  0.45327245 0.06626435]
[0.19287515 0.47609341 0.11947642]
[0.19294919 0.47605426 0.11940807]
[0.19300701 0.4507412  0.06427744]
[0.19533182 0.44861767 0.0627599 ]
[0.19833729 0.43794575 0.06437008]
[0.20046835 0.47094927 0.1122671 ]
[0.20284316 0.46934327 0.11001287]
[0.20357538 0.44107771 0.05736293]
[0.20364999 0.44100239 0.05731727]
[0.20385782 0.37571732 0.0871301 ]
[0.20483428 0.46759741 0.10805179]
[0.20514066 0.39988313 0.01324477]
[0.20646181 0.43585701 0.05217176]
[0.2072867  0.46582791 0.10656656]
[0.20768283 0.42869858 0.04262752]
[0.2092438  0.40730105 0.01056664]
[0.21087694 0.40483905 0.00816895]
[0.21138131 0.41174227 0.0190429 ]
[0.21158131 0.41069929 0.01762553]
[0.21284439 0.46176855 0.10321169]
[0.21487816 0.39899879 0.00234173]
[0.2159017  0.45906265 0.10147126]
[ 0.21739183  0.39535931 -0.00131182]
[ 0.2211694   0.39036013 -0.00605295]
[ 0.22494473  0.35059254 -0.01322919]
[0.22629646 0.44980716 0.09556619]
[ 0.23432533  0.37200165 -0.02263113]
[0.23696642 0.43993158 0.08958818]
[0.23907899 0.43779078 0.08844582]
[0.24200677 0.43119718 0.08766882]
[0.24242707 0.43368771 0.08545635]
[0.24472359 0.43134736 0.08419273]
[0.24489918 0.43035768 0.08275025]
[0.2464969  0.39928377 0.04273274]
[0.24792911 0.41587581 0.06102233]
[0.24934085 0.40805096 0.04958586]
[0.24939621 0.40028624 0.03721412]
[0.24940824 0.40299002 0.04155395]
[0.24958661 0.40653054 0.04740212]
[0.251388   0.39315961 0.02783198]
[0.2518384  0.39150956 0.02568286]
[0.25187918 0.38032216 0.00821191]
[0.25189222 0.37987307 0.00750004]