[0.02826481 0.31639758 0.17070526]
[0.02845179 0.31402842 0.17335739]
[0.02886066 0.3108174  0.17683758]
[0.0290716  0.31859134 0.16752856]
[0.02932958 0.31012031 0.17834912]
[0.03110614 0.3230123  0.16082609]
[0.03170592 0.3191168  0.04977728]
[0.03200691 0.32408082 0.15890522]
[0.03279922 0.30671721 0.18370735]
[0.03283379 0.31894736 0.06639668]
[0.03340819 0.32511493 0.14952678]
[0.03392546 0.31871182 0.07716815]
[0.03396894 0.32298266 0.04442213]
[0.03397195 0.3254456  0.14608838]
[0.03442668 0.30509862 0.18629485]
[0.03522743 0.32522311 0.02884736]
[0.03574744 0.32605452 0.02497524]
[0.03602775 0.30388006 0.18759933]
[0.03638801 0.3266041  0.02161584]
[0.0364056  0.32640604 0.03911495]
[0.03690286 0.32270591 0.08403831]
[0.0369108  0.32539809 0.13510911]
[0.03746065 0.32361948 0.08548957]
[0.03787336 0.32412372 0.08639281]
[0.04041522 0.32568824 0.12302199]
[0.0405449  0.32930046 0.00240126]
[0.04087414 0.32589682 0.12084263]
[0.04098938 0.32839655 0.09367499]
[0.04123158 0.29961101 0.19286345]
[0.04172808 0.32813696 0.11031105]
[0.04181367 0.29933063 0.1934575 ]
[ 0.04183981  0.33107798 -0.00637073]
[ 0.04191074  0.33222967 -0.00998463]
[ 0.0421122   0.3339175  -0.01475424]
[ 0.04235903  0.33598536 -0.02059777]
[0.04423988 0.31456574 0.03623613]
[0.04647016 0.29738314 0.19649135]
[ 0.04723927  0.330435   -0.01900908]
[ 0.04755332  0.3436576  -0.01916866]
[ 0.04998904  0.34783506 -0.02051073]
[0.05219367 0.29489325 0.20077957]
[0.05258065 0.29474872 0.20093097]
[ 0.05292024  0.35351149 -0.02212513]
[0.05424197 0.29925035 0.17178519]
[0.05703745 0.29235335 0.20243216]
[ 0.06464768  0.37220419 -0.02858842]
[0.06872225 0.30688166 0.09934771]
[ 0.06882665  0.37949925 -0.03089088]
[ 0.06885079  0.37954789 -0.030942  ]
[0.06927406 0.28574139 0.20674771]
[ 0.07209417  0.38703967 -0.03859013]
[ 0.07316016  0.39003696 -0.04153958]
[ 0.07418194  0.39327538 -0.04466437]
[ 0.07447253  0.39401392 -0.04516222]
[ 0.07760331  0.40058785 -0.04978233]
[0.0786489  0.27861371 0.20936199]
[ 0.08054839  0.40395531 -0.05261392]
[ 0.08075028  0.40420344 -0.05281733]
[ 0.08095529  0.40426528 -0.05292165]
[ 0.08140871  0.40429109 -0.0530927 ]
[ 0.08557339  0.40446346 -0.05462901]
[ 0.09059343  0.40555849 -0.05447996]
[0.09315441 0.26776312 0.21077471]
[ 0.09776082  0.38220186 -0.04688332]
[ 0.09985166  0.4074431  -0.0541651 ]
[ 0.10080363  0.40765938 -0.05413939]
[ 0.10157803  0.40774992 -0.05409317]
[ 0.10166802  0.40774975 -0.05408463]
[0.10470338 0.2591919  0.21089683]
[0.11170919 0.24850968 0.20847418]
[0.1131959  0.24623174 0.2079645 ]
[ 0.11356223  0.40795238 -0.05258499]
[ 0.11669913  0.28276731 -0.00752103]
[0.11770539 0.22310909 0.13120852]
[0.12183464 0.23650821 0.20659384]
[ 0.12427042  0.40606431 -0.05060971]
[0.12685495 0.24378386 0.19586408]
[0.13086138 0.23020391 0.20690795]
[ 0.13200668  0.40581533 -0.04714195]
[ 0.14106477  0.4057445  -0.04322106]
[0.14149964 0.23023767 0.21065828]
[0.14211832 0.22978282 0.21066949]
[ 0.14669423  0.40541527 -0.04060417]
[ 0.15141908  0.40475631 -0.03816613]
[0.15380722 0.45082811 0.27796912]
[0.15554308 0.4523109  0.27866469]
[0.15558204 0.21986045 0.21103799]
[0.15600693 0.45330102 0.27357217]
[0.15930111 0.45565415 0.28025417]
[ 0.16233959  0.38904126 -0.02356812]
[0.16261977 0.46095446 0.26015439]
[0.16386388 0.45952251 0.28206414]
[ 0.16673932  0.40410615 -0.02771241]
[ 0.16691815  0.40409906 -0.02759062]
[0.1671909  0.17100011 0.03498137]
[0.1693122  0.46832341 0.2500241 ]
[ 0.1693595   0.40261667 -0.0282874 ]
[0.16966202 0.20958313 0.21090476]
[0.17016095 0.44189439 0.27013161]
[0.172257   0.46791024 0.27657233]
[0.17628184 0.47645183 0.23911909]
[0.17822616 0.47875837 0.23577964]
[0.17899366 0.20295397 0.21090815]
[0.17911649 0.47979201 0.23427048]
[0.18231114 0.20486689 0.18717507]
[0.18235733 0.48352407 0.22880403]
[0.1824912  0.20061438 0.2101031 ]
[ 0.18285005  0.39442841 -0.03213821]
[ 0.18352757  0.39401117 -0.03233069]
[ 0.18357619  0.3939905  -0.03232893]
[0.18383038 0.47801196 0.27915426]
[ 0.18424945  0.39369091 -0.0322954 ]
[0.18565063 0.48725361 0.22330491]
[0.18630548 0.48787763 0.22231573]
[ 0.18680789  0.39243567 -0.03208837]
[0.19177685 0.49306674 0.21407287]
[0.19261264 0.48563684 0.28110348]
[0.19262459 0.49381828 0.21343523]
[0.19358999 0.19061928 0.20609795]
[0.19413701 0.49453453 0.2125782 ]
[0.19811639 0.18650138 0.20469851]
[0.19908022 0.49122615 0.28253255]
[0.20180949 0.49420846 0.27883687]
[0.20198649 0.49691953 0.20872881]
[0.20210734 0.49692701 0.20868268]
[0.20240977 0.4968774  0.20859794]
[0.20411135 0.18128284 0.20152183]
[0.20681171 0.17926677 0.19821029]
[0.20681275 0.17920482 0.20025688]
[0.20707818 0.1773934  0.19915427]
[0.20716444 0.49737679 0.27481977]
[0.20882685 0.49839562 0.2735302 ]
[0.20939297 0.17659776 0.1986699 ]
[0.21081062 0.1754857  0.19799295]
[0.21112791 0.49944163 0.2746378 ]
[0.21132713 0.49555528 0.20603609]
[0.21219798 0.17439287 0.19734233]
[ 0.21308792  0.37964431 -0.03003154]
[0.21407377 0.49951905 0.27676555]
[0.2142682  0.49448882 0.20547438]
[0.21519039 0.49073189 0.28253185]
[0.2183143  0.49925396 0.28004023]
[0.21838186 0.49357734 0.20707136]
[0.2191586  0.4992373  0.28067191]
[0.21964842 0.18585486 0.12277687]
[0.22288131 0.47093436 0.21300837]
[ 0.22323094  0.37632191 -0.02666465]
[0.22343526 0.49177387 0.20916554]
[0.22387714 0.49917348 0.27871137]
[0.22465489 0.49895174 0.27839342]
[ 0.22494473  0.35059254 -0.01322919]
[0.22596692 0.49072461 0.21024289]
[0.22676328 0.16370121 0.18845895]
[0.22854772 0.16238803 0.18737932]
[0.23196688 0.48775086 0.21069398]
[0.2333518  0.49603218 0.27484899]
[0.23388704 0.49572638 0.27463397]
[ 0.23432533  0.37200165 -0.02263113]
[0.23664816 0.15700537 0.18095863]
[ 0.23753328  0.36888672 -0.02447603]
[0.23776666 0.28516327 0.0176272 ]
[0.2380621  0.13078062 0.04909057]
[0.2384148  0.15723513 0.18053972]
[0.23977914 0.15741355 0.18020237]
[0.24065505 0.15754936 0.17968777]
[0.2411416  0.15863215 0.1652796 ]
[0.24192429 0.48198885 0.21155886]
[0.24294641 0.49047018 0.26964387]
[0.24512816 0.48003077 0.21185178]
[0.2452545  0.48908417 0.26836542]
[0.24754471 0.12456745 0.05272362]
[0.24778562 0.12433601 0.06249929]
[0.24843592 0.1587731  0.17487338]
[ 0.2495811   0.35725299 -0.03141324]
[0.25033353 0.12837861 0.06704658]
[0.25051712 0.48523264 0.26534571]
[0.25052955 0.15790344 0.17254475]
[0.25127807 0.13139522 0.04561532]
[0.25135493 0.13154625 0.04545935]
[ 0.25159095  0.14366106 -0.00966559]
[0.25185739 0.13068699 0.06974649]
[0.253058   0.13755806 0.01808673]
[0.25336527 0.15618631 0.16637966]
[0.25383911 0.133394   0.07616853]
[0.25425747 0.1400946  0.00653216]
[0.25464121 0.37148578 0.27430232]
[ 0.25477504  0.14077132 -0.00881325]
[ 0.25519672  0.14166699 -0.00063262]
[ 0.25537527  0.35344612 -0.03184823]
[0.2554076  0.15490659 0.16169927]
[0.25578376 0.15442905 0.15948672]
[0.25609664 0.4728788  0.21062126]
[ 0.25695238  0.14465968 -0.01080695]
[ 0.25707984  0.1449001  -0.01092928]
[0.25773269 0.15372962 0.15179392]
[0.25899636 0.47879812 0.2604456 ]
[0.25918864 0.14157515 0.09461396]
[0.25923165 0.15315442 0.14403506]
[ 0.25972385  0.14989594 -0.00933175]
[0.26071075 0.46476518 0.25752553]
[0.26078886 0.46955668 0.21007996]
[0.26086567 0.15246358 0.13242188]
[0.26119301 0.47733371 0.26088242]
[ 0.26146034  0.34946978 -0.03232055]
[0.2622018  0.14915034 0.10877144]
[0.26274814 0.15158933 0.11516732]
[0.26275326 0.15076936 0.11165792]
[0.26303369 0.15169932 0.11357739]
[ 0.26415615  0.34752658 -0.03239996]
[0.26548062 0.47429435 0.26168925]
[0.26660967 0.20732954 0.00375338]
[ 0.26851473  0.16650095 -0.00654915]
[0.26979305 0.47092152 0.26242084]
[0.27450515 0.4606372  0.21245344]
[0.27854893 0.45796371 0.21317107]
[0.27941322 0.4633572  0.26348447]
[0.27990046 0.45702621 0.21342884]
[0.28016531 0.34242598 0.3124799 ]
[0.28049757 0.46239442 0.26357213]
[ 0.28067463  0.1895127  -0.00268958]
[ 0.28098537  0.33565358 -0.03308007]
[ 0.28176558  0.19157653 -0.00255131]
[0.28417889 0.45926832 0.26647578]
[ 0.28652884  0.33213107 -0.03269487]
[0.28987718 0.44919679 0.21570221]
[ 0.29098865  0.20911351 -0.00136583]
[ 0.29103974  0.2092116  -0.00063274]
[0.29129695 0.21084527 0.0120446 ]
[0.2922555  0.4519613  0.27314337]
[0.29244999 0.21360166 0.01371264]
[0.29470138 0.25115266 0.0328642 ]
[0.29598913 0.44735494 0.27703946]
[0.29622189 0.34033501 0.31385477]
[0.29632502 0.34050723 0.31380935]
[ 0.29662885  0.32427648 -0.03116186]
[ 0.29698921  0.30671419 -0.02110884]
[0.29714188 0.41671069 0.29760054]
[0.2973195  0.44336367 0.21739507]
[0.29884794 0.34136014 0.30817022]
[0.29886976 0.34493683 0.31263591]
[0.29945438 0.34157427 0.3069552 ]
[0.29962166 0.4408784  0.28215158]
[0.29995707 0.34192285 0.30520853]
[0.30044053 0.23266443 0.02525287]
[ 0.30065419  0.32105271 -0.03049688]
[0.30139335 0.34314518 0.29923944]
[0.30144101 0.3526522  0.31050351]
[0.30145487 0.44031567 0.21958686]
[0.30147194 0.23556225 0.0269585 ]
[0.30188226 0.43583692 0.2860027 ]
[0.30318371 0.43882782 0.2205716 ]
[0.30374785 0.34680943 0.29129087]
[ 0.30381737  0.31919936 -0.02898764]
[0.30400133 0.36151888 0.30803414]
[0.30412187 0.41328109 0.2290329 ]
[0.30480464 0.24450421 0.02712269]
[0.3048205  0.3651021  0.30702596]
[0.30493699 0.3654976  0.30675965]
[0.30546544 0.42921192 0.28684064]
[0.30576719 0.43582105 0.22229417]
[0.30603311 0.35031198 0.28367354]
[0.30667565 0.35193934 0.2823144 ]
[0.30733757 0.35398692 0.28062467]
[0.30736688 0.37509503 0.30008041]
[0.30750641 0.42455148 0.28772195]
[0.30810576 0.25326483 0.0260596 ]
[0.30832411 0.25412918 0.02601046]
[0.30860368 0.41954146 0.28933674]
[0.30884658 0.43139317 0.22461781]
[0.30885837 0.38096666 0.29599678]
[0.30907458 0.38350116 0.29649896]
[0.30928918 0.40245627 0.29973435]
[0.30932147 0.41534248 0.29158172]
[0.30942415 0.25709567 0.02284177]
[0.30960468 0.40457099 0.29822115]
[0.30972291 0.41151853 0.29376873]
[0.30977441 0.39286778 0.29831803]
[0.30990379 0.36189165 0.27409996]
[0.3102882  0.25911023 0.02065555]
[0.31058045 0.4283811  0.22609241]
[0.31089921 0.36551189 0.27113677]
[ 0.31104857  0.3136431  -0.02464614]
[ 0.31279197  0.31214394 -0.02349163]
[0.31300849 0.37287203 0.2641697 ]
[ 0.31391463  0.3103874  -0.02221373]
[0.31428884 0.42198544 0.2306928 ]
[0.31458835 0.42145122 0.23107173]
[0.31467261 0.42125694 0.23119669]
[0.31488524 0.42059128 0.23158525]
[0.31516838 0.27205469 0.00680527]
[0.3154161 0.4189084 0.2325641]
[ 0.31656965  0.30681345 -0.0195835 ]
[0.31671409 0.38659027 0.25121845]
[0.31673912 0.41467639 0.23530165]
[0.31678682 0.27615372 0.00239796]
[0.31679338 0.38693344 0.25089651]
[0.3170016  0.38795283 0.25040661]
[0.31714127 0.38945114 0.24960175]
[0.31758103 0.40840479 0.23874392]
[0.31771175 0.40736478 0.23941863]
[0.31780901 0.40452857 0.2411265 ]
[ 0.31868005  0.28150361 -0.00052562]
[ 0.31890582  0.30396718 -0.01696982]
[ 0.31954182  0.30099261 -0.01438676]
[ 0.31983162  0.28541313 -0.00271363]
[ 0.32008899  0.28880954 -0.00477969]
[ 0.32046592  0.29213553 -0.00677515]
[ 0.32090551  0.29613492 -0.0101417 ]