[-0.0383316  -0.20573167 -0.24897048]
[-0.03768868 -0.20480369 -0.24895876]
[-0.03689731 -0.20765556 -0.24619607]
[-0.0366048  -0.20211977 -0.24970926]
[-0.03131101 -0.19437255 -0.25322052]
[-0.03065922 -0.21263779 -0.23645876]
[-0.03060202 -0.19327999 -0.2537546 ]
[-0.02913598 -0.19118949 -0.25466318]
[-0.02888065 -0.21361907 -0.23398473]
[-0.02679191 -0.1868232  -0.25730417]
[-0.02511875 -0.18411442 -0.25871593]
[-0.02481999 -0.18342501 -0.25893332]
[-0.02468647 -0.2142698  -0.23561513]
[-0.02242224 -0.20140188 -0.2358591 ]
[-0.02235361 -0.21648776 -0.35740157]
[-0.0198959  -0.21208953 -0.35840772]
[-0.01972924 -0.21512208 -0.23754613]
[-0.01756629 -0.16699899 -0.263882  ]
[-0.01681209 -0.21585862 -0.23767009]
[-0.01650565 -0.204853   -0.36129832]
[-0.01574646 -0.22326836 -0.35644123]
[-0.01551879 -0.2000655  -0.36558474]
[-0.01436844 -0.1944848  -0.37058134]
[-0.01419663 -0.193447   -0.37159012]
[-0.01413379 -0.19306737 -0.37195914]
[-0.01379351 -0.15903583 -0.26584328]
[-0.01108097 -0.1533369  -0.26722552]
[-0.01098988 -0.15280559 -0.26724468]
[-0.01072905 -0.23042463 -0.36142901]
[-0.01072683 -0.20956622 -0.3594259 ]
[-0.01062612 -0.18820541 -0.37822815]
[-0.00960546 -0.21818062 -0.23803692]
[-0.00854374 -0.14909876 -0.26569063]
[-0.00834234 -0.23388027 -0.36380657]
[-0.00819797 -0.21863411 -0.23810856]
[-0.00713277 -0.1469606  -0.26479423]
[-0.0068284  -0.23577181 -0.36528583]
[-0.00643528 -0.14914265 -0.26371675]
[-0.00626196 -0.18215629 -0.38602789]
[-0.00418527 -0.14544383 -0.26526727]
[-0.00292916 -0.22049329 -0.23690733]
[-0.00180783 -0.17072402 -0.38546897]
[ 1.99987539e-04 -1.40683744e-01 -2.63980394e-01]
[ 0.0020586  -0.16815391 -0.38478261]
[ 0.00246926 -0.13826667 -0.26323324]
[ 0.00294248 -0.16762053 -0.38493405]
[ 0.00317708 -0.2480558  -0.3743748 ]
[ 0.00644517 -0.25112901 -0.37436914]
[ 0.00697146 -0.13347123 -0.2617509 ]
[ 0.00731116 -0.16554001 -0.38559989]
[ 0.00772676 -0.15681781 -0.21900866]
[ 0.00868869 -0.25295141 -0.37439708]
[ 0.00989707 -0.16434819 -0.38598811]
[ 0.01069236 -0.25456379 -0.37442371]
[ 0.01087969 -0.22536594 -0.23375905]
[ 0.01418338 -0.12554865 -0.25980034]
[ 0.01558596 -0.16167499 -0.3868498 ]
[ 0.01761287 -0.20368396 -0.38076663]
[ 0.01870012 -0.12259372 -0.25963557]
[ 0.02140664 -0.12022607 -0.26044246]
[ 0.02229731 -0.15856085 -0.38786048]
[ 0.02238238 -0.26345335 -0.3746364 ]
[ 0.02281017 -0.11968665 -0.25981664]
[ 0.02356971 -0.15797201 -0.38797147]
[ 0.0244171  -0.15899264 -0.38796917]
[ 0.02515251 -0.22784436 -0.22935462]
[ 0.02631985 -0.26624946 -0.37417125]
[ 0.02716334 -0.16219999 -0.38771613]
[ 0.0287937  -0.2284114  -0.22820166]
[ 0.03185577 -0.22887327 -0.22737431]
[ 0.03277531 -0.26980057 -0.37370985]
[ 0.03712494 -0.11521082 -0.25187761]
[ 0.03740418 -0.17450129 -0.3867218 ]
[ 0.03759958 -0.2717143  -0.37358081]
[ 0.0377158  -0.11570997 -0.25173844]
[ 0.03821831 -0.17550382 -0.38670551]
[ 0.04054396 -0.22874207 -0.22430083]
[ 0.04340887 -0.22842778 -0.22315088]
[ 0.04361699 -0.27354841 -0.37358106]
[ 0.04416368 -0.27368049 -0.37345866]
[ 0.04419425 -0.27368698 -0.37345216]
[ 0.04436346 -0.18330326 -0.38655503]
[ 0.04475341 -0.27363132 -0.37339908]
[ 0.04633201 -0.22747671 -0.22166011]
[ 0.04798312 -0.18824257 -0.38642546]
[ 0.04831463 -0.26151803 -0.37750623]
[ 0.05023032 -0.22632074 -0.2197286 ]
[ 0.05146803 -0.19320293 -0.38674875]
[ 0.05258651 -0.21050328 -0.21094777]
[ 0.05310737 -0.27278848 -0.37261032]
[ 0.05343011 -0.22535383 -0.21870213]
[ 0.05355015 -0.27268636 -0.37259023]
[ 0.05571075 -0.22358891 -0.21739901]
[ 0.05584557 -0.12353214 -0.25195613]
[ 0.05632252 -0.12411188 -0.25173789]
[ 0.05660864 -0.20294178 -0.38710835]
[ 0.05824727 -0.26917681 -0.37329431]
[ 0.05846376 -0.20675637 -0.38845842]
[ 0.05995379 -0.21944411 -0.21451705]
[ 0.06000344 -0.2678876  -0.37373264]
[ 0.06059513 -0.26731128 -0.37394385]
[ 0.0611003  -0.21771199 -0.21341311]
[ 0.06127431 -0.24792895 -0.4001419 ]
[ 0.06218095 -0.26459472 -0.37503443]
[ 0.06256066 -0.21570682 -0.39158324]
[ 0.06269985 -0.2637011  -0.3753934 ]
[ 0.06290559 -0.21484167 -0.21159891]
[ 0.06290636 -0.26339159 -0.37590076]
[ 0.06482006 -0.26048412 -0.38066432]
[ 0.06493663 -0.14705865 -0.24032399]
[ 0.06543557 -0.13669808 -0.24910261]
[ 0.06629337 -0.25847016 -0.38397762]
[ 0.06702873 -0.22571295 -0.39505783]
[ 0.0674363  -0.22826387 -0.39582087]
[ 0.06755193 -0.13982857 -0.24832301]
[ 0.06766573 -0.25540975 -0.38893236]
[ 0.06766835 -0.25538031 -0.38897904]
[ 0.0681341  -0.25094189 -0.39198303]
[ 0.06855339 -0.23478577 -0.394835  ]
[ 0.06921    -0.24699858 -0.39408728]
[ 0.06985065 -0.23954584 -0.39374662]
[ 0.06996408 -0.24232832 -0.39360394]
[ 0.07018696 -0.141802   -0.24563105]
[ 0.07064333 -0.20449892 -0.21380807]
[ 0.071984   -0.14426474 -0.24249814]
[ 0.07226065 -0.20162636 -0.21435978]
[ 0.07395195 -0.14790186 -0.23996968]
[ 0.07730723 -0.15258346 -0.23673739]
[ 0.07783359 -0.19218397 -0.21858651]
[ 0.07827396 -0.19141641 -0.21893058]
[ 0.0785742  -0.19027463 -0.21945622]
[ 0.08023527 -0.15760491 -0.23430295]
[ 0.08157255 -0.16583987 -0.23065445]
[ 0.08177701 -0.16148495 -0.23249341]
[ 0.08206897 -0.17073989 -0.2285132 ]
[ 0.08278291 -0.17722738 -0.22543245]