[-0.14614641  0.01074608  0.00085451]
[-0.14373432  0.01607938  0.01267775]
[-0.1435676   0.01641207  0.01694572]
[-0.14339838  0.01677907  0.02161629]
[-0.1432047   0.01701535  0.0248389 ]
[-0.14283513  0.01730895  0.02917126]
[-0.14111193  0.02223086 -0.00839138]
[-0.14055232  0.02002819  0.04779812]
[-0.13951514  0.02126498  0.05626917]
[-0.13909964  0.02150765  0.05811511]
[-0.13627053  0.03288786 -0.0169128 ]
[-0.1360688   0.02317449  0.07094759]
[-0.1358144   0.03389856 -0.01823987]
[-0.1349936   0.02428799  0.07404375]
[-0.13470386  0.02434835  0.07554652]
[-0.13408498  0.02428498  0.07731594]
[-0.13282558  0.02331761  0.07463584]
[-0.1306749   0.02721304  0.08221404]
[-0.13040022  0.02747663  0.08266935]
[-0.12857259  0.02876835  0.08468628]
[-0.12823674  0.0504885  -0.04003522]
[-0.1247877   0.0590148  -0.05117671]
[-0.12356308  0.03275236  0.08984439]
[-0.12268234  0.01108695  0.00855254]
[-0.12169689  0.06665012 -0.06105903]
[-0.11974373  0.07128329 -0.0670666 ]
[-0.1178168   0.03660674  0.0937991 ]
[-0.11771478  0.07621183 -0.077686  ]
[-0.11761009  0.07646799 -0.07830397]
[-0.11519118  0.08270983 -0.09330527]
[-0.11475848  0.038313    0.09495754]
[-0.11427852  0.08500519 -0.09723357]
[-0.11136807  0.04013187  0.09604254]
[-0.10912959  0.04135991  0.09683335]
[-0.1083442   0.09659725 -0.11689142]
[-0.10580678  0.10263728 -0.12720983]
[-0.10512202  0.10233432 -0.14492936]
[-0.10506386  0.102967   -0.14242645]
[-0.10399441  0.09268545 -0.17271895]
[-0.10376174  0.10742446 -0.13694729]
[-0.10368195  0.10757503 -0.13724989]
[-0.10365327  0.09945489 -0.15689809]
[-0.10353962  0.09861936 -0.15875318]
[-0.10351957  0.08756255 -0.1842322 ]
[-0.10273989  0.0675501  -0.06483818]
[-0.1023826   0.04071417  0.10059827]
[-0.10225676  0.08463136 -0.1901985 ]
[-0.10131222  0.04060628  0.10110824]
[-0.09982892  0.08173507 -0.19893267]
[-0.09840661  0.07949091 -0.20623685]
[-0.09690894  0.07799096 -0.21047913]
[-0.09643901  0.0777054  -0.21163823]
[-0.09544407  0.03801995  0.07192428]
[-0.09184817  0.03953872  0.1037958 ]
[-0.09100784  0.10667659 -0.13232177]
[-0.08766748  0.07344614 -0.22579741]
[-0.08758952  0.07337055 -0.22595207]
[-0.08727242  0.07307794 -0.22653015]
[-0.08465137  0.0387065   0.10551223]
[-0.07893914  0.03683253  0.10707887]
[-0.07835459  0.03781196  0.10434658]
[-0.07524146  0.06461983 -0.23938325]
[-0.07463808  0.03554204  0.10823818]
[-0.07338872  0.06347425 -0.24082357]
[-0.07315402  0.03515126  0.10850182]
[-0.07134197  0.06232142 -0.24202763]
[-0.06839555  0.06455051 -0.24213048]
[-0.0664525   0.02968799  0.10985221]
[-0.05750428  0.07312741 -0.24563673]
[-0.05710282  0.07313371 -0.24580803]
[-0.05513388  0.06950699 -0.19552953]
[-0.05467568  0.01964621  0.11135746]
[-0.04757885  0.0734741  -0.25254091]
[-0.04628508  0.01226557  0.11198476]
[-0.04049906  0.07378914 -0.25841247]
[-0.03738299  0.00371188  0.11122722]
[-0.03733838  0.09112622 -0.07195456]
[-0.03456349  0.07380159 -0.25981773]
[-0.03323042 -0.00384373  0.10385703]
[-0.03157877  0.00137865  0.11104974]
[-0.02843474  0.00019178  0.11104835]
[-0.01673749  0.07440722 -0.26417605]
[-0.01565203  0.01475391  0.11295255]
[-0.01497089  0.02470315  0.07144022]
[-0.01199966  0.01969024  0.11357303]
[-0.00429636  0.07474308 -0.26578702]
[-0.00287956  0.03179067  0.11616339]
[ 0.00030383  0.07269887 -0.26544985]
[ 0.00915761  0.06970256 -0.26364931]
[0.01120997 0.0438063  0.11905299]
[0.01320164 0.04550607 0.11944492]
[0.01390892 0.04630433 0.11961312]
[ 0.01449525  0.01742836 -0.00406646]
[ 0.01852644  0.07409759 -0.26458196]
[ 0.02013362  0.07432455 -0.25118361]
[ 0.02101058  0.01132163 -0.2244428 ]
[ 0.02398229  0.05660193 -0.2576023 ]
[ 0.02425576  0.04614399 -0.25365857]
[ 0.02494023  0.02427415 -0.24584713]
[ 0.02511538  0.02154941 -0.24522175]
[ 0.02561067  0.11590292 -0.15274816]
[ 0.0259091   0.07673661 -0.26500769]
[ 0.02721924  0.06690914 -0.26122123]
[ 0.02796381  0.07626666 -0.26467439]
[ 0.02863607  0.07773654 -0.26614097]
[0.03043318 0.06512101 0.12517042]
[0.03254651 0.05465149 0.12361477]
[ 0.03463304  0.01473786 -0.24181408]
[0.03715819 0.03425367 0.11862591]
[0.03780069 0.03113789 0.11810921]
[0.03969695 0.07118103 0.08452789]
[ 0.04062788  0.01061446 -0.23994987]
[0.04079886 0.02268967 0.11173243]
[0.04116832 0.02527981 0.11723808]
[0.04134729 0.0242509  0.11706591]
[0.04242324 0.01790758 0.11583501]
[0.04248119 0.01753832 0.11573437]
[ 0.04279349  0.00670918 -0.23841863]
[0.04504595 0.01062943 0.11382927]
[ 0.04593551  0.00160887 -0.2366764 ]
[ 0.04629579 -0.00018191 -0.11494954]
[ 4.71270603e-02  2.07291379e-04 -2.36467026e-01]
[ 0.05080707 -0.00201049  0.11032784]
[ 0.05851648 -0.01883164  0.10548308]
[ 0.05881007 -0.02214825 -0.22711542]
[ 0.06153371 -0.02489402  0.10269834]
[ 0.06234435 -0.02664616  0.10216057]
[ 0.06654429 -0.02672109 -0.22224302]
[ 0.0692497  -0.02733286 -0.22066602]
[ 0.07141704 -0.0242908   0.05866906]
[ 0.07402954 -0.10202695 -0.00656094]
[ 0.07664057 -0.06641005  0.08836227]
[ 0.07667084 -0.05929991  0.09088361]
[ 0.07670701 -0.04379099  0.09613666]
[ 0.07672124 -0.0455618   0.09568854]
[ 0.0779155  -0.06998024  0.08672325]
[ 0.0791074  -0.07365524  0.0856377 ]
[ 0.08041829 -0.02999403 -0.21527202]
[ 0.08087241 -0.02771518 -0.19540878]
[ 0.0853779  -0.03363206 -0.21233676]
[ 0.08562383 -0.083914    0.08129213]
[ 0.08788257 -0.07457959 -0.15691565]
[ 0.08923283 -0.05178086 -0.20490336]
[ 0.08952037 -0.04669219 -0.20520808]
[ 0.09002227 -0.05516937 -0.20385702]
[ 0.09065497 -0.09162829  0.07866192]
[ 0.09074263 -0.03980492 -0.20655776]
[ 0.09081504 -0.09751104  0.05876144]
[ 0.09100959 -0.09190646  0.07849878]
[ 0.09105707 -0.03752165 -0.20690311]
[ 0.09476465 -0.0954006   0.07488209]
[ 0.09551399 -0.09627105  0.07356399]
[ 0.09646012 -0.0815584  -0.19748979]
[ 0.09796901 -0.11511372  0.01623502]
[ 0.09830415 -0.08216427 -0.19563534]
[ 0.09845909 -0.11402452  0.02159207]
[ 0.09848059 -0.11399276  0.02176931]
[ 0.09852559 -0.11381632  0.02253661]
[ 0.09894453  0.08956833 -0.01703496]
[ 0.09958599 -0.10014897  0.0666646 ]
[ 0.09983716 -0.10769292  0.04959842]
[ 0.09991023 -0.10884523  0.04449599]
[ 0.09991877 -0.11324517  0.00694721]
[ 0.09993569 -0.10827981  0.04660788]
[ 0.10040031 -0.10092876  0.06526778]
[ 0.1004598  -0.10718071  0.05634811]
[ 0.10061141 -0.10694157  0.05687267]
[ 0.10185201 -0.10430452  0.06214306]
[ 0.1021442  -0.11098669 -0.00413132]
[ 0.10250245 -0.11082896 -0.00812524]
[ 0.1027606  -0.11072222 -0.01090082]
[ 0.10302543 -0.11065251 -0.01315913]
[ 0.10407499 -0.11043905 -0.02117944]
[ 0.10662219 -0.06280438 -0.05900241]
[ 0.10798803 -0.08515559 -0.18364582]
[ 0.10940491 -0.08663443 -0.1818621 ]
[ 0.1117566  -0.08917322 -0.17848023]
[ 0.11638472 -0.09553824 -0.04105163]
[ 0.11642245 -0.09549648 -0.04113591]
[ 0.11680488 -0.09545348 -0.16706902]
[ 0.11770468 -0.0956245  -0.16530825]
[ 0.11861341 -0.09564175 -0.16285515]
[ 0.12086424 -0.0907742  -0.05088083]
[ 0.12270209 -0.09453041 -0.1466565 ]
[ 0.12311074 -0.09442991 -0.14508344]
[ 0.12346372 -0.0939841  -0.14216621]
[ 0.12348221 -0.0939586  -0.14200412]
[ 0.12431128 -0.09259387 -0.13696908]
[ 0.12484345 -0.08552659 -0.0605397 ]
[ 0.12756173 -0.08723314 -0.1172025 ]
[ 0.12758327 -0.08721378 -0.11711322]
[ 0.12760288 -0.0871748  -0.11697684]
[ 0.12764956 -0.0870573  -0.11658839]
[ 0.12801726 -0.0826509  -0.07640308]
[ 0.12947166 -0.08089936 -0.08466241]