[0.02826481 0.31639758 0.17070526]
[0.02845179 0.31402842 0.17335739]
[0.02865053 0.30924714 0.17772394]
[0.02886066 0.3108174  0.17683758]
[0.0290716  0.31859134 0.16752856]
[0.02908284 0.30606781 0.17914966]
[0.02986353 0.29925433 0.18226776]
[0.03110614 0.3230123  0.16082609]
[0.03170592 0.3191168  0.04977728]
[0.03200691 0.32408082 0.15890522]
[0.03267398 0.29264542 0.18440921]
[0.03283379 0.31894736 0.06639668]
[0.03340819 0.32511493 0.14952678]
[0.03392546 0.31871182 0.07716815]
[0.03396894 0.32298266 0.04442213]
[0.03397195 0.3254456  0.14608838]
[0.03522743 0.32522311 0.02884736]
[0.03546752 0.28783605 0.18659618]
[0.03568242 0.28740328 0.18680679]
[0.03574744 0.32605452 0.02497524]
[0.03621369 0.28671789 0.18706803]
[0.03638801 0.3266041  0.02161584]
[0.0364056  0.32640604 0.03911495]
[0.03690286 0.32270591 0.08403831]
[0.0369108  0.32539809 0.13510911]
[0.03746065 0.32361948 0.08548957]
[0.03787336 0.32412372 0.08639281]
[ 0.03875364  0.34515336 -0.07895003]
[ 0.04021877  0.34614581 -0.07073187]
[ 0.04033855  0.34577714 -0.0661889 ]
[0.04041522 0.32568824 0.12302199]
[0.0405449  0.32930046 0.00240126]
[0.04087414 0.32589682 0.12084263]
[0.04098938 0.32839655 0.09367499]
[ 0.04132827  0.34342193 -0.05379074]
[0.04172808 0.32813696 0.11031105]
[ 0.04183981  0.33107798 -0.00637073]
[ 0.04191074  0.33222967 -0.00998463]
[ 0.0421122   0.3339175  -0.01475424]
[ 0.04235903  0.33598536 -0.02059777]
[ 0.04258581  0.34036116 -0.03555491]
[ 0.04267388  0.35114476 -0.08566929]
[ 0.04268185  0.33823443 -0.02665968]
[0.04287514 0.27820822 0.19028684]
[ 0.04291995  0.33953634 -0.03028937]
[0.04350113 0.27631785 0.19037775]
[0.04423988 0.31456574 0.03623613]
[ 0.04467957  0.35408629 -0.08804148]
[ 0.04486067  0.33688722 -0.0776159 ]
[ 0.04506199  0.35464094 -0.08849   ]
[ 0.04507986  0.35466047 -0.08850707]
[ 0.04510248  0.35468498 -0.08852854]
[ 0.04723927  0.330435   -0.01900908]
[0.04826384 0.26612228 0.18954549]
[ 0.05151536  0.36270132 -0.09526722]
[0.05293189 0.25580509 0.1888478 ]
[ 0.05416614  0.36454561 -0.09715756]
[0.05424197 0.29925035 0.17178519]
[ 0.05557236  0.36564449 -0.09823378]
[0.05657405 0.249245   0.18776122]
[ 0.05995788  0.37081581 -0.0982159 ]
[0.06203035 0.2394296  0.18613809]
[ 0.06237239  0.37277661 -0.09821323]
[0.06268726 0.23827692 0.18593205]
[ 0.06661625  0.37590037 -0.09821117]
[0.06852713 0.24059269 0.17950833]
[0.06872225 0.30688166 0.09934771]
[0.06951978 0.23094782 0.18557061]
[0.0723513  0.22790629 0.18542384]
[ 0.07580046  0.37975299 -0.09823025]
[ 0.07651988  0.38007486 -0.09823158]
[ 0.0769142   0.38021471 -0.09823261]
[ 0.07924609  0.38043214 -0.09824362]
[0.07961454 0.21824139 0.18433788]
[ 0.0873243   0.38122743 -0.09828141]
[0.0883869  0.20715579 0.18252469]
[ 0.0924888   0.38118875 -0.09926569]
[0.09268384 0.19461053 0.17864857]
[0.09629382 0.18405196 0.17539677]
[0.09663898 0.18297011 0.17510356]
[ 0.09677852  0.38056429 -0.10002881]
[0.10646765 0.15635839 0.1683301 ]
[0.10752873 0.15555107 0.16837485]
[ 0.10890937  0.34112522 -0.09872449]
[0.11461468 0.1500767  0.16803778]
[ 0.11546476  0.3759926  -0.10318282]
[ 0.11669913  0.28276731 -0.00752103]
[0.11770539 0.22310909 0.13120852]
[ 0.11982225  0.37525653 -0.10339044]
[0.12045568 0.14339543 0.1511597 ]
[ 0.12148122  0.37489063 -0.10345961]
[ 0.12421492  0.37401696 -0.1035424 ]
[0.12510492 0.14203171 0.16799363]
[0.13130217 0.13089361 0.16564986]
[0.13192027 0.13006196 0.16551745]
[ 0.14029805  0.36853552 -0.10399008]
[ 0.14465355  0.36809167 -0.10246719]
[0.14486857 0.11235214 0.16043112]
[0.14669045 0.11098807 0.16019904]
[0.14685325 0.11087056 0.16017405]
[0.14985581 0.10919385 0.15992377]
[0.15341261 0.10756757 0.15919965]
[ 0.15580482  0.36623966 -0.09818847]
[0.1671909  0.17100011 0.03498137]
[ 0.16809522  0.36360399 -0.09315724]
[0.16986877 0.09943334 0.15657411]
[0.17436458 0.0977097  0.15526437]
[0.17546296 0.12486777 0.12217636]
[ 0.17822839  0.34815413 -0.08196468]
[ 0.17937685  0.35595116 -0.09678076]
[0.18003994 0.09591697 0.15382604]
[ 0.18282772  0.35454473 -0.09641756]
[0.1871587  0.09358424 0.15212217]
[ 0.18909771  0.35194515 -0.0956778 ]
[0.19019036 0.09302271 0.15088134]
[0.20072006 0.09107568 0.14656769]
[0.20282393 0.08855085 0.14435834]
[ 0.20546978  0.17570014 -0.34363188]
[ 0.20554082  0.17480215 -0.34347991]
[ 0.20576913  0.18273286 -0.34581609]
[ 0.20601302  0.16213284 -0.34152076]
[0.20633894 0.08444222 0.13906315]
[0.20704517 0.0836288  0.13782272]
[ 0.20834923  0.18752309 -0.34584836]
[ 0.20930015  0.1912618  -0.3445061 ]
[ 0.20935346  0.15446052 -0.33926932]
[ 0.20942805  0.19425482 -0.34376963]
[ 0.20990702  0.19560884 -0.34321168]
[0.21018942 0.08002421 0.13205249]
[0.21045056 0.08131485 0.10831982]
[ 0.21050756  0.2606327  -0.05345498]
[0.21086218 0.07955469 0.13107656]
[ 0.21191079  0.14858684 -0.33754569]
[ 0.2119536  0.1485108 -0.3375317]
[ 0.21385766  0.20362224 -0.3405963 ]
[0.21463937 0.07709488 0.12280269]
[0.21465749 0.07708403 0.12274782]
[0.21466339 0.07708214 0.12270406]
[ 0.2148876   0.18844259 -0.34215301]
[ 0.21517131  0.20503258 -0.33988923]
[0.2159196  0.07657248 0.1150621 ]
[ 0.21636126  0.20601371 -0.33928717]
[ 0.21733019  0.32890314 -0.10992459]
[ 0.21965518  0.20741364 -0.33930235]
[0.22005199 0.08046112 0.10729983]
[0.22009369 0.07980916 0.09878653]
[0.22013623 0.08041163 0.10673957]
[ 0.22156197  0.3256497  -0.11219025]
[ 0.22279099  0.14216009 -0.33349831]
[ 0.22289961  0.32481158 -0.11256955]
[ 0.22357748  0.14169921 -0.3332056 ]
[ 0.22565839  0.31902526 -0.11212522]
[ 0.2258533   0.32267178 -0.11331971]
[ 0.22789544  0.13916889 -0.33159858]
[ 0.22924111  0.21240542 -0.33919097]
[ 0.22941777  0.32089612 -0.11276899]
[0.22967179 0.09391512 0.08005354]
[0.23042255 0.09499495 0.07860053]
[ 0.23066317  0.17046104 -0.30319468]
[ 0.2307189   0.21242705 -0.33930059]
[0.23116127 0.09624654 0.07705855]
[ 0.23137827  0.14361804 -0.33005412]
[ 0.23210058  0.31958773 -0.11236366]
[ 0.23393098  0.21380249 -0.33571156]
[ 0.2357123   0.13385752 -0.32633106]
[ 0.23585414  0.16294771 -0.04294204]
[0.2380621  0.13078062 0.04909057]
[0.2384953  0.10899462 0.06155841]
[ 0.23857365  0.21590553 -0.3306232 ]
[ 0.24014622  0.21646028 -0.32876379]
[ 0.2406229   0.13113514 -0.32500446]
[0.24363755 0.11765265 0.05664745]
[ 0.24538394  0.21617899 -0.32950896]
[0.24754471 0.12456745 0.05272362]
[ 0.24811204  0.12543231 -0.32244329]
[ 0.25058727  0.21509374 -0.3298296 ]
[0.25127807 0.13139522 0.04561532]
[0.25135493 0.13154625 0.04545935]
[ 0.25159095  0.14366106 -0.00966559]
[0.253058   0.13755806 0.01808673]
[0.25425747 0.1400946  0.00653216]
[ 0.25477504  0.14077132 -0.00881325]
[ 0.25519672  0.14166699 -0.00063262]
[ 0.25589148  0.1427313  -0.01186517]
[ 0.25624976  0.12267058 -0.32085182]
[ 0.25655805  0.1439102  -0.01316554]
[ 0.25693462  0.30620097 -0.11085062]
[ 0.26086387  0.21342572 -0.33071041]
[ 0.26234748  0.15481757 -0.02494435]
[ 0.26289608  0.21353823 -0.32902406]
[ 0.26376675  0.15748941 -0.02883467]
[ 0.26557641  0.12002343 -0.31920754]
[ 0.26689478  0.29960042 -0.11005121]
[ 0.26727426  0.16337031 -0.03732087]
[ 0.2688841   0.29756815 -0.11114497]
[ 0.26947935  0.28122963 -0.10723907]
[ 0.27066264  0.16928433 -0.04244858]
[ 0.27082134  0.20590731 -0.0782015 ]
[ 0.2733236   0.20999022 -0.32218223]
[ 0.27362564  0.20989499 -0.32198074]
[ 0.27589921  0.20871736 -0.32066635]
[ 0.27748537  0.28877527 -0.11587249]
[ 0.27848773  0.11685979 -0.32439788]
[ 0.27859368  0.18313865 -0.0542973 ]
[ 0.27915342  0.18415852 -0.05517467]
[ 0.27919025  0.11692987 -0.32463037]
[ 0.28119945  0.18738393 -0.05789064]
[ 0.28284101  0.18996131 -0.06005953]
[ 0.28308531  0.20515621 -0.31644128]
[ 0.28552683  0.20358842 -0.31680579]
[ 0.28552811  0.11794528 -0.32823593]
[ 0.28555331  0.20356551 -0.31681168]
[ 0.28560582  0.18827201 -0.32182326]
[ 0.2856299   0.20348976 -0.31683183]
[ 0.2858113   0.28322065 -0.11526113]
[ 0.28641128  0.11787639 -0.32880853]
[ 0.28700688  0.11796574 -0.32914938]
[ 0.28782491  0.19556685 -0.0768735 ]
[ 0.28931585  0.1384546  -0.32375276]
[ 0.29077662  0.19858471 -0.31812492]
[ 0.2909302   0.27918572 -0.11444172]
[ 0.29163619  0.27841942 -0.11473218]
[ 0.29331304  0.12135484 -0.33194353]
[ 0.29400759  0.12165327 -0.33227623]
[ 0.29439212  0.20646618 -0.08283906]
[ 0.29459465  0.12188133 -0.33221644]
[ 0.29561562  0.12285466 -0.33183371]
[ 0.29563333  0.19395604 -0.31934514]
[ 0.29676126  0.2097569  -0.08471221]
[ 0.29678843  0.27202505 -0.1169132 ]
[ 0.29718448  0.19182622 -0.31994849]
[ 0.30010788  0.1876365  -0.32338945]
[ 0.3009622   0.21443969 -0.09068124]
[ 0.30129663  0.12846518 -0.32961006]
[ 0.30202256  0.12918209 -0.32932592]
[ 0.30257488  0.12999333 -0.32898128]
[ 0.30264576  0.18402652 -0.32635568]
[ 0.30328309  0.26442224 -0.11962753]
[ 0.30394847  0.18225876 -0.32673001]
[ 0.30659401  0.22134419 -0.09944212]
[ 0.30692573  0.25826679 -0.1212944 ]
[ 0.30751232  0.1381786  -0.32544932]
[ 0.30772988  0.13874118 -0.32519611]
[ 0.30784282  0.13907447 -0.32525006]
[ 0.30800341  0.1731798  -0.32796415]
[ 0.30824467  0.24075906 -0.12306529]
[ 0.30892263  0.17103436 -0.3282456 ]
[ 0.30893205  0.2246722  -0.10363807]
[ 0.30970492  0.2540646  -0.1225284 ]
[ 0.31029197  0.25290012 -0.12281021]
[ 0.31030264  0.14732227 -0.3265598 ]
[ 0.31032301  0.16346287 -0.32875734]
[ 0.31136351  0.15806208 -0.32810189]
[ 0.31136983  0.15764488 -0.32804562]
[ 0.31139842  0.15789749 -0.32808216]
[ 0.31288261  0.22978478 -0.11010959]
[ 0.31308609  0.23002908 -0.11047515]
[ 0.31354922  0.24644176 -0.12436918]
[ 0.31382477  0.24579864 -0.12450844]
[ 0.31428759  0.24362682 -0.12482555]
[ 0.31436184  0.24343791 -0.12469238]
[ 0.3154177   0.23327513 -0.11523889]
[ 0.31630636  0.23569811 -0.11858047]
[ 0.31647564  0.23678339 -0.12001967]
[ 0.31672126  0.23817126 -0.12096919]