[-0.18940377 -0.09010875  0.0582268 ]
[-0.18924892 -0.08887045  0.05431895]
[-0.18917891 -0.0886547   0.0535442 ]
[-0.18853102 -0.09025241  0.06917041]
[-0.18847547 -0.09041971  0.07059904]
[-0.1884006  -0.08689357  0.04676903]
[-0.18827034 -0.09101563  0.07562534]
[-0.18756131 -0.08500092  0.03843707]
[-0.18749113 -0.09180299  0.07791441]
[-0.18684618 -0.08311051  0.030431  ]
[-0.18621575 -0.08151521  0.02630354]
[-0.18538645 -0.09414414  0.08653856]
[-0.18417688 -0.09520097  0.08820956]
[-0.18066913 -0.09469312  0.05239061]
[-0.17937115 -0.06696406 -0.01215879]
[-0.1785598  -0.09475281  0.09338352]
[-0.17852959 -0.09475039  0.09341056]
[-0.17850554 -0.09474841  0.09342222]
[-0.17847971 -0.09474626  0.09343052]
[-0.1781941  -0.06439634 -0.018923  ]
[-0.17481524 -0.05677746 -0.03340243]
[-0.17005229 -0.09405021  0.09714008]
[-0.16877696 -0.04240742 -0.0442555 ]
[-0.16704595 -0.06445425 -0.02709108]
[-0.16636523 -0.03638316 -0.04292022]
[-0.16495183 -0.09588196  0.09983313]
[-0.16482595 -0.03274453 -0.04211644]
[-0.16405297 -0.03101232 -0.04434025]
[-0.16176211 -0.02584795 -0.05095901]
[-0.16097187 -0.02404864 -0.05271733]
[-0.1555491  -0.09951148  0.10257789]
[-0.15262538 -0.04113203 -0.04448959]
[-0.15117233 -0.00099558 -0.07507164]
[-0.1478388   0.00681453 -0.08029325]
[-0.14734776  0.0078906  -0.0810331 ]
[-0.14309618  0.01741559 -0.08189636]
[-0.1416767  -0.10507108  0.10482874]
[-0.14110172  0.00215588 -0.08279157]
[-0.1400437   0.02433739 -0.0802994 ]
[-0.13718365  0.03048226 -0.07883649]
[-0.13644018 -0.10718958  0.10550377]
[-0.13378259  0.03938167 -0.07694082]
[-0.13200086 -0.10902195  0.10575638]
[-0.13021515 -0.10974734  0.10596056]
[-0.12581787 -0.11049874  0.10637709]
[-0.1252041   0.05891585 -0.07244484]
[-0.12503376 -0.112106    0.10432269]
[-0.1244379  -0.11333548  0.10672456]
[-0.1203483  -0.11313342  0.10703687]
[-0.11974373  0.07128329 -0.0670666 ]
[-0.11640956  0.07892165 -0.06706493]
[-0.11495616  0.08236145 -0.06706993]
[-0.11369481  0.08526451 -0.06468921]
[-0.11164292 -0.11654503  0.10802183]
[-0.10766713 -0.08906602  0.0419508 ]
[-0.10620332  0.09995042 -0.05178964]
[-0.10273989  0.0675501  -0.06483818]
[-0.10099174  0.11039709 -0.04270417]
[-0.09974257  0.11287867 -0.04014332]
[-0.09870965  0.11499405 -0.03911105]
[-0.09844378  0.11552436 -0.03884861]
[-0.0974107   0.11220718 -0.03906551]
[-0.09424295  0.12411571 -0.03737187]
[-0.08603539 -0.12770061  0.10789456]
[-0.08316397  0.14299515  0.01466662]
[-0.08316301  0.14288415  0.01583001]
[-0.08312207  0.14302392  0.01531432]
[-0.08294776  0.14330266  0.01637229]
[-0.08289572  0.14255013  0.01545774]
[-0.08223541  0.14577321  0.00700217]
[-0.07981764  0.14997547 -0.03268997]
[-0.07837019  0.15223719 -0.01261642]
[-0.07683852  0.15491499  0.03449702]
[-0.07682642 -0.13143727  0.10859166]
[-0.07600001  0.15672506 -0.02590922]
[-0.07488681 -0.13227104  0.10861227]
[-0.07235879  0.16389962  0.04837698]
[-0.0711968   0.16671915  0.05259121]
[-0.06882404  0.17258413  0.06648637]
[-0.06830898  0.17446878  0.08205003]
[-0.06815971  0.17433297  0.08590923]
[-0.06808985  0.17475442  0.07147076]
[-0.06779225  0.15508147 -0.03054444]
[-0.06739095  0.17380453  0.09968824]
[-0.06739023  0.17381703  0.09963496]
[-0.06668184  0.17286875  0.10321734]
[-0.06441512  0.1718403   0.10619738]
[-0.0576423   0.16961158  0.11153124]
[-0.05701899 -0.05793924 -0.06378165]
[-0.05604273  0.16908829  0.11277795]
[-0.05531808 -0.13926381  0.10869265]
[-0.05454292 -0.14968157  0.08542852]
[-0.05304119 -0.14008237  0.10869072]
[-0.0475795   0.16688771  0.1169716 ]
[-0.04289756  0.15981037  0.11881678]
[-0.0421736  -0.14985723  0.10924011]
[-0.04007968 -0.1519212   0.10896356]
[-0.03733838  0.09112622 -0.07195456]
[-0.0369313   0.15154685  0.12041811]
[-0.03577575 -0.15610376  0.10852176]
[-0.03573508 -0.15614097  0.10852249]
[-0.03560816 -0.15614545  0.10849805]
[-0.03553395  0.14968672  0.12071842]
[-0.03318942  0.16912428  0.0988198 ]
[-0.02000426  0.12750725  0.03307777]
[-0.01642666  0.14804789  0.12764326]
[-0.01367085  0.14675096  0.12851641]
[-0.01217774  0.14604628  0.12899304]
[-0.0112147   0.1456293   0.12923357]
[ 0.00304351 -0.14470119  0.03478646]
[ 0.01080956 -0.15818957  0.10142059]
[ 0.01127974 -0.15807693  0.10134174]
[0.01407326 0.13424864 0.13631815]
[0.01761442 0.1339935  0.13751122]
[ 0.02115662 -0.1558791   0.09907645]
[ 0.02414811 -0.15530615  0.09805492]
[ 0.02422459 -0.15708279  0.09154884]
[ 0.03043646 -0.16291319  0.09595016]
[ 0.03072531 -0.163085    0.09585263]
[0.03355871 0.1331048  0.14093215]
[0.03685733 0.13292018 0.14164562]
[ 0.03811566 -0.16753052  0.09350855]
[ 0.04403436 -0.17093905  0.09116948]
[ 0.04629579 -0.00018191 -0.11494954]
[ 0.04653511 -0.17289198  0.0901868 ]
[0.04771724 0.12088162 0.14126234]
[0.04820268 0.13615045 0.11510387]
[ 0.04999636 -0.17579563  0.08790619]
[ 0.0503656  -0.18134053  0.05324951]
[ 0.05079284 -0.17660759  0.08672167]
[ 0.0516293  -0.18133807  0.06558236]
[ 0.05181673 -0.18122085  0.06882186]
[ 0.05220967 -0.18078291  0.0720847 ]
[ 0.052574   -0.17863748  0.08309035]
[ 0.05297542 -0.17979177  0.07907493]
[ 0.05304045 -0.18000931  0.07828428]
[ 0.05412652 -0.17461232  0.04550063]
[0.05544357 0.10727485 0.13978454]
[ 0.05825782 -0.16863419  0.03833918]
[0.05833213 0.10232021 0.13901801]
[ 0.06264263 -0.16215955  0.02859506]
[ 0.06381652 -0.16050574  0.02608163]
[ 0.0650215  -0.15913844  0.02389706]
[ 0.06800006 -0.14752179  0.00863652]
[ 0.06943646 -0.15380789  0.01550886]
[ 0.07097929 -0.15214248  0.01041263]
[0.07355379 0.08707676 0.13805913]
[ 0.07402954 -0.10202695 -0.00656094]
[ 0.07534767 -0.14697453  0.00094633]
[ 0.07548433 -0.14681824  0.00065562]
[0.07706516 0.08367311 0.13772107]
[0.07955877 0.08129726 0.13743822]
[ 0.08777306 -0.13170143 -0.01517323]
[ 0.09104657 -0.12814395 -0.01929815]
[0.09291833 0.06696771 0.13541215]
[0.09628996 0.06371792 0.13458061]
[ 0.09894453  0.08956833 -0.01703496]
[ 0.09958666 -0.11699032 -0.02062566]
[ 0.10407499 -0.11043905 -0.02117944]
[0.1061211  0.07923803 0.11032661]
[ 0.10662219 -0.06280438 -0.05900241]
[0.10934722 0.06159588 0.13520821]
[ 0.11638472 -0.09553824 -0.04105163]
[ 0.11642245 -0.09549648 -0.04113591]
[0.11907286 0.06004922 0.13562667]
[ 0.12086424 -0.0907742  -0.05088083]
[0.12298197 0.0595795  0.13557539]
[0.12303899 0.05954302 0.13556172]
[ 0.12484345 -0.08552659 -0.0605397 ]
[0.13276905 0.05332281 0.13321375]
[ 0.13654819 -0.06749495 -0.07277923]
[ 0.13670212 -0.06724318 -0.07294523]
[ 0.14162586 -0.05921241 -0.07849759]
[0.14399744 0.04611013 0.1306185 ]
[ 0.14589913 -0.05066819 -0.08390433]
[ 0.1460376  -0.05039153 -0.08392242]
[0.1461647  0.04478906 0.12988288]
[0.14980879 0.04268289 0.12826587]
[ 0.15733116 -0.00059873 -0.07728292]
[0.16196392 0.03549329 0.12277356]
[0.16272493 0.03505629 0.12238907]
[ 0.1627971  -0.02050521 -0.08718444]
[0.16338436 0.03470608 0.12196777]
[ 0.16570525 -0.0154049  -0.08251401]
[0.16588548 0.03339805 0.12030716]
[ 0.16848108 -0.01042591 -0.07798594]
[ 0.16890401 -0.00965676 -0.07728936]
[0.17107137 0.03555994 0.10177436]
[ 1.74125077e-01 -8.07878480e-05 -7.60663206e-02]
[0.17844245 0.03361325 0.11659239]
[0.17960949 0.03265913 0.11558322]
[0.18205052 0.03043147 0.11226728]
[0.18260233 0.07160815 0.06824767]
[0.1836307  0.02860719 0.10813527]
[0.18395759 0.02805555 0.10637529]
[ 0.18558483  0.02084864 -0.06528397]
[ 0.18628186  0.0482422  -0.05199419]
[0.18648844 0.02958703 0.10285378]
[0.18836155 0.0312216  0.09950964]
[0.18954494 0.03265593 0.0968055 ]
[ 0.18965788  0.02718397 -0.0619854 ]
[0.19043479 0.03382766 0.09551214]
[ 0.19593486  0.03683306 -0.05516618]
[0.1966932  0.04158769 0.0868022 ]
[0.19908511 0.04512731 0.08301223]
[ 0.19967677  0.04261963 -0.0516242 ]
[0.20022356 0.06631189 0.00620011]
[ 0.20119516  0.04551358 -0.04224927]
[ 0.20179867  0.04625297 -0.04945116]
[ 0.20471072  0.0521344  -0.02266106]
[ 0.20745285  0.05702566 -0.00803204]
[0.20888404 0.0604787  0.08229897]
[0.2089306  0.06048105 0.08106623]
[0.20929687 0.06060872 0.06514092]
[0.20941096 0.06072952 0.05556056]
[0.20945633 0.0607888  0.05328854]
[ 0.20949857  0.06056979 -0.00284127]
[0.20968483 0.0611564  0.03984736]
[0.20997926 0.06160696 0.02319671]
[0.20999586 0.06162767 0.02239379]
[ 0.21008985  0.06157444 -0.00137042]
[0.21180594 0.06455792 0.01052889]