[ 0.13709505  0.1829006  -0.19692152]
[ 0.1685438   0.23849941 -0.25210345]
[ 0.17259359  0.19461332 -0.32861651]
[ 0.17265309  0.19508211 -0.32884352]
[ 0.17284669  0.25016826 -0.27606615]
[ 0.17394477  0.18233401 -0.32435746]
[ 0.17557498  0.1744926  -0.32208265]
[ 0.17573303  0.16629415 -0.32218907]
[ 0.1763752   0.2020668  -0.32702133]
[ 0.17706104  0.24006849 -0.29121385]
[ 0.17763325  0.25434837 -0.26759705]
[ 0.17945384  0.2321382  -0.29896551]
[ 0.17957647  0.23177232 -0.29937845]
[ 0.17977974  0.15744946 -0.32198518]
[ 0.18086055  0.2572128  -0.26207057]
[ 0.18206781  0.25820487 -0.25968616]
[ 0.18262505  0.13563    -0.30019176]
[ 0.18326603  0.21871281 -0.31418503]
[ 0.18390654  0.11995334 -0.28212409]
[ 0.18415925  0.15314513 -0.32012276]
[ 0.18419071  0.21452641 -0.31735123]
[ 0.18431837  0.11562469 -0.27659902]
[ 0.18442515  0.194714   -0.30697277]
[ 0.18469612  0.21255141 -0.31926854]
[ 0.18637221  0.15113028 -0.3175537 ]
[ 0.18660952  0.1521085  -0.3186533 ]
[ 0.18702434  0.12126699 -0.25381118]
[ 0.18739443  0.2619833  -0.25029184]
[ 0.19221609  0.26545417 -0.24194555]
[ 0.19426544  0.09865172 -0.2519595 ]
[ 0.19569969  0.10271052 -0.25930603]
[ 0.19633718  0.10732553 -0.26511078]
[ 0.20391363  0.26932382 -0.22992219]
[ 0.20655413  0.09041381 -0.22688821]
[ 0.21187671  0.27077423 -0.2208599 ]
[ 0.21284844  0.08618935 -0.21405023]
[ 0.2153473   0.08528239 -0.21052763]
[ 0.21616562  0.24953746 -0.19966016]
[ 0.21731     0.08450256 -0.20762293]
[ 0.22067687  0.17655684 -0.38055722]
[ 0.22074471  0.17614323 -0.38027178]
[ 0.22126748  0.2713936  -0.21229396]
[ 0.22183434  0.16061655 -0.3827524 ]
[ 0.22202664  0.16514408 -0.38192734]
[ 0.22209228  0.18243065 -0.38426391]
[ 0.22301599  0.15666824 -0.3832028 ]
[ 0.22330823  0.18751896 -0.38747639]
[ 0.22466858  0.18941215 -0.38853921]
[ 0.22476659  0.18956119 -0.38862421]
[ 0.22627582  0.15160471 -0.38343252]
[ 0.22689096  0.27172562 -0.20713318]
[ 0.23031357  0.08736653 -0.18972219]
[ 0.23065804  0.19890465 -0.39086288]
[ 0.23402095  0.08781392 -0.18455682]
[ 0.23409251  0.13918311 -0.38473215]
[ 0.23412819  0.27007583 -0.20457339]
[ 0.23432704  0.13864379 -0.38480678]
[ 0.23452342  0.13829934 -0.38484636]
[ 0.23503642  0.13788009 -0.38484695]
[ 0.23534027  0.20223299 -0.3909825 ]
[ 0.23546989  0.08869381 -0.18265606]
[ 0.23827451  0.0918125  -0.17921375]
[ 0.23977013  0.2053456  -0.39108096]
[ 0.24352451  0.13179679 -0.3846742 ]
[ 0.24422587  0.09683628 -0.17164246]
[ 0.24423518  0.20705903 -0.39060348]
[ 0.24486116  0.26616547 -0.20010772]
[ 0.24692448  0.20804269 -0.38946907]
[ 0.24734949  0.20813197 -0.3892714 ]
[ 0.24873438  0.1012497  -0.16120765]
[ 0.25086561  0.12629449 -0.38457636]
[ 0.25093527  0.1348464  -0.16851991]
[ 0.25157598  0.10592967 -0.15537987]
[ 0.25246892  0.10687427 -0.15540275]
[ 0.25327692  0.12455423 -0.38392679]
[ 0.25411326  0.12391727 -0.38370714]
[ 0.25541905  0.2093193  -0.3853773 ]
[ 0.2589874   0.20912213 -0.38345468]
[ 0.26053428  0.17360542 -0.37277744]
[ 0.26107451  0.26141336 -0.19097017]
[ 0.26174863  0.26120871 -0.19058557]
[ 0.26197115  0.1180236  -0.15613407]
[ 0.26213765  0.26104878 -0.19033584]
[ 0.26467072  0.12108483 -0.1562946 ]
[ 0.26529675  0.25977529 -0.18832474]
[ 0.26687679  0.20849062 -0.37914956]
[ 0.2691862   0.2254903  -0.16413214]
[ 0.27026559  0.2076302  -0.37713666]
[ 0.27036888  0.12903478 -0.15344197]
[ 0.27095389  0.20746709 -0.37709724]
[ 0.27126634  0.25923679 -0.18049076]
[ 0.27144189  0.11910626 -0.37773582]
[ 0.27267303  0.11875665 -0.3773129 ]
[ 0.27269329  0.11876055 -0.3773043 ]
[ 0.27293321  0.11880474 -0.37723024]
[ 0.27420128  0.13603251 -0.15179158]
[ 0.27557973  0.13865102 -0.15102231]
[ 0.27813969  0.25868444 -0.17150884]
[ 0.28006699  0.20432156 -0.37644177]
[ 0.28148554  0.25685063 -0.17024206]
[ 0.28149047  0.20351673 -0.37629696]
[ 0.28261856  0.12066824 -0.37422907]
[ 0.28378498  0.25564217 -0.16938612]
[ 0.28453236  0.25503621 -0.16904767]
[ 0.28454029  0.15754882 -0.14618506]
[ 0.28540523  0.15936377 -0.14573185]
[ 0.28643702  0.16172186 -0.14521031]
[ 0.28744549  0.25267481 -0.16772862]
[ 0.28839966  0.19871162 -0.37547248]
[ 0.28861551  0.12182262 -0.37237073]
[ 0.28979838  0.16886687 -0.14345813]
[ 0.29015437  0.25057495 -0.16652918]
[ 0.29222144  0.19500097 -0.37487395]
[ 0.29294474  0.19428425 -0.3746108 ]
[ 0.29482561  0.12632287 -0.36996698]
[ 0.2957888   0.12710643 -0.37056817]
[ 0.29628273  0.1910418  -0.37341315]
[ 0.29749951  0.19007587 -0.37303233]
[ 0.29819119  0.12911005 -0.37208352]
[ 0.29863973  0.18720763 -0.13880463]
[ 0.29882893  0.13011219 -0.37263725]
[ 0.29946206  0.18725391 -0.37209189]
[ 0.30044437  0.19016273 -0.13933289]
[ 0.30287671  0.1942817  -0.14009826]
[ 0.30327811  0.24142336 -0.15899717]
[ 0.30413126  0.18091537 -0.36995131]
[ 0.3049574   0.17984618 -0.37038521]
[ 0.30500278  0.13801147 -0.37741732]
[ 0.30508366  0.23896452 -0.15752487]
[ 0.30530654  0.2116444  -0.14606159]
[ 0.30618685  0.14097625 -0.37880104]
[ 0.30627276  0.20131704 -0.14167091]
[ 0.3075029   0.14389379 -0.38021734]
[ 0.30797287  0.14493525 -0.3800647 ]
[ 0.30819677  0.23490644 -0.15477336]
[ 0.30847103  0.16955616 -0.37454849]
[ 0.30865014  0.14852227 -0.3794909 ]
[ 0.30902852  0.23388983 -0.1540664 ]
[ 0.30943684  0.16649531 -0.37578667]
[ 0.30960743  0.16348628 -0.37700166]
[ 0.30968332  0.16209004 -0.37724237]
[ 0.31001333  0.15426409 -0.37858665]
[ 0.31017744  0.20798541 -0.14690355]
[ 0.31066361  0.20884461 -0.1475688 ]
[ 0.31104838  0.21046484 -0.14854161]
[ 0.31193179  0.22785896 -0.15056406]
[ 0.31216316  0.22702687 -0.15013845]
[ 0.3124968   0.22549634 -0.1493869 ]
[ 0.31302635  0.21889021 -0.1495225 ]
[ 0.31310388  0.21965265 -0.14956714]
[ 0.31321005  0.22069685 -0.14962828]