[-0.02888065 -0.21361907 -0.23398473]
[-0.02666294 -0.2147658  -0.23124466]
[-0.02488723 -0.21575077 -0.22900839]
[-0.02468647 -0.2142698  -0.23561513]
[-0.02242224 -0.20140188 -0.2358591 ]
[-0.02016506 -0.21826095 -0.2231306 ]
[-0.01972924 -0.21512208 -0.23754613]
[-0.01681209 -0.21585862 -0.23767009]
[-0.01110933 -0.22054734 -0.22341001]
[-0.01011815 -0.22076705 -0.22346459]
[-0.00960546 -0.21818062 -0.23803692]
[-0.00819797 -0.21863411 -0.23810856]
[-0.00292916 -0.22049329 -0.23690733]
[ 0.00297423 -0.22612402 -0.2125161 ]
[ 0.00581647 -0.22719119 -0.21015335]
[ 0.00772676 -0.15681781 -0.21900866]
[ 0.00970016 -0.22808018 -0.20993134]
[ 0.01087969 -0.22536594 -0.23375905]
[ 0.0172007  -0.22851018 -0.20966549]
[ 0.02515251 -0.22784436 -0.22935462]
[ 0.02612778 -0.22986403 -0.20924248]
[ 0.0287937  -0.2284114  -0.22820166]
[ 0.02946338 -0.23037308 -0.20905109]
[ 0.03185577 -0.22887327 -0.22737431]
[ 0.0357763  -0.23009304 -0.20886015]
[ 0.04054396 -0.22874207 -0.22430083]
[ 0.04205647 -0.22936952 -0.20873151]
[ 0.04340887 -0.22842778 -0.22315088]
[ 0.04355422 -0.22889149 -0.20874291]
[ 0.04633201 -0.22747671 -0.22166011]
[ 0.05006956 -0.22690042 -0.20696346]
[ 0.05023032 -0.22632074 -0.2197286 ]
[ 0.05258651 -0.21050328 -0.21094777]
[ 0.05267793 -0.22534285 -0.20647839]
[ 0.05343011 -0.22535383 -0.21870213]
[ 0.05476684 -0.22343065 -0.20628866]
[ 0.05571075 -0.22358891 -0.21739901]
[ 0.05852615 -0.22024635 -0.20842879]
[ 0.05887295 -0.21987975 -0.20865531]
[ 0.05926013 -0.2193964  -0.20893778]
[ 0.05995379 -0.21944411 -0.21451705]
[ 0.0611003  -0.21771199 -0.21341311]
[ 0.06290559 -0.21484167 -0.21159891]