[0.02865053 0.30924714 0.17772394]
[0.02886066 0.3108174  0.17683758]
[0.02908284 0.30606781 0.17914966]
[0.02932958 0.31012031 0.17834912]
[0.02986353 0.29925433 0.18226776]
[0.03267398 0.29264542 0.18440921]
[0.03279922 0.30671721 0.18370735]
[0.03442668 0.30509862 0.18629485]
[0.03546752 0.28783605 0.18659618]
[0.03568242 0.28740328 0.18680679]
[0.03602775 0.30388006 0.18759933]
[0.03621369 0.28671789 0.18706803]
[0.04123158 0.29961101 0.19286345]
[0.04181367 0.29933063 0.1934575 ]
[0.04287514 0.27820822 0.19028684]
[0.04350113 0.27631785 0.19037775]
[0.04647016 0.29738314 0.19649135]
[0.04826384 0.26612228 0.18954549]
[0.05219367 0.29489325 0.20077957]
[0.05258065 0.29474872 0.20093097]
[0.05293189 0.25580509 0.1888478 ]
[0.05424197 0.29925035 0.17178519]
[0.05657405 0.249245   0.18776122]
[0.05703745 0.29235335 0.20243216]
[0.06203035 0.2394296  0.18613809]
[0.06268726 0.23827692 0.18593205]
[0.06852713 0.24059269 0.17950833]
[0.06872225 0.30688166 0.09934771]
[0.06927406 0.28574139 0.20674771]
[0.06951978 0.23094782 0.18557061]
[0.0723513  0.22790629 0.18542384]
[0.0786489  0.27861371 0.20936199]
[0.07961454 0.21824139 0.18433788]
[0.0883869  0.20715579 0.18252469]
[0.09268384 0.19461053 0.17864857]
[0.09315441 0.26776312 0.21077471]
[0.09629382 0.18405196 0.17539677]
[0.09663898 0.18297011 0.17510356]
[0.10470338 0.2591919  0.21089683]
[0.10646765 0.15635839 0.1683301 ]
[0.10752873 0.15555107 0.16837485]
[0.11170919 0.24850968 0.20847418]
[0.1131959  0.24623174 0.2079645 ]
[0.11461468 0.1500767  0.16803778]
[0.11770539 0.22310909 0.13120852]
[0.12045568 0.14339543 0.1511597 ]
[0.12183464 0.23650821 0.20659384]
[0.12510492 0.14203171 0.16799363]
[0.12685495 0.24378386 0.19586408]
[0.13086138 0.23020391 0.20690795]
[0.13130217 0.13089361 0.16564986]
[0.13192027 0.13006196 0.16551745]
[0.14149964 0.23023767 0.21065828]
[0.14211832 0.22978282 0.21066949]
[0.14486857 0.11235214 0.16043112]
[0.14669045 0.11098807 0.16019904]
[0.14685325 0.11087056 0.16017405]
[0.14985581 0.10919385 0.15992377]
[0.15341261 0.10756757 0.15919965]
[0.15558204 0.21986045 0.21103799]
[0.1671909  0.17100011 0.03498137]
[0.16966202 0.20958313 0.21090476]
[0.16986877 0.09943334 0.15657411]
[0.17436458 0.0977097  0.15526437]
[0.17546296 0.12486777 0.12217636]
[0.17899366 0.20295397 0.21090815]
[0.18003994 0.09591697 0.15382604]
[0.18231114 0.20486689 0.18717507]
[0.1824912  0.20061438 0.2101031 ]
[0.1871587  0.09358424 0.15212217]
[0.19019036 0.09302271 0.15088134]
[0.19358999 0.19061928 0.20609795]
[0.19811639 0.18650138 0.20469851]
[0.20072006 0.09107568 0.14656769]
[0.20282393 0.08855085 0.14435834]
[0.20411135 0.18128284 0.20152183]
[0.20633894 0.08444222 0.13906315]
[0.20681171 0.17926677 0.19821029]
[0.20681275 0.17920482 0.20025688]
[0.20704517 0.0836288  0.13782272]
[0.20707818 0.1773934  0.19915427]
[0.20939297 0.17659776 0.1986699 ]
[0.21018942 0.08002421 0.13205249]
[0.21045056 0.08131485 0.10831982]
[0.21081062 0.1754857  0.19799295]
[0.21086218 0.07955469 0.13107656]
[0.21219798 0.17439287 0.19734233]
[0.21463937 0.07709488 0.12280269]
[0.21465749 0.07708403 0.12274782]
[0.21466339 0.07708214 0.12270406]
[0.2159196  0.07657248 0.1150621 ]
[0.21964842 0.18585486 0.12277687]
[0.22005199 0.08046112 0.10729983]
[0.22009369 0.07980916 0.09878653]
[0.22013623 0.08041163 0.10673957]
[0.22676328 0.16370121 0.18845895]
[0.22854772 0.16238803 0.18737932]
[0.22967179 0.09391512 0.08005354]
[0.23042255 0.09499495 0.07860053]
[0.23116127 0.09624654 0.07705855]
[0.23664816 0.15700537 0.18095863]
[0.2380621  0.13078062 0.04909057]
[0.2384148  0.15723513 0.18053972]
[0.2384953  0.10899462 0.06155841]
[0.23977914 0.15741355 0.18020237]
[0.24065505 0.15754936 0.17968777]
[0.2411416  0.15863215 0.1652796 ]
[0.24363755 0.11765265 0.05664745]
[0.24754471 0.12456745 0.05272362]
[0.24778562 0.12433601 0.06249929]
[0.24843592 0.1587731  0.17487338]
[0.25033353 0.12837861 0.06704658]
[0.25052955 0.15790344 0.17254475]
[0.25185739 0.13068699 0.06974649]
[0.25336527 0.15618631 0.16637966]
[0.25383911 0.133394   0.07616853]
[0.2554076  0.15490659 0.16169927]
[0.25578376 0.15442905 0.15948672]
[0.25773269 0.15372962 0.15179392]
[0.25918864 0.14157515 0.09461396]
[0.25923165 0.15315442 0.14403506]
[0.26086567 0.15246358 0.13242188]
[0.2622018  0.14915034 0.10877144]
[0.26274814 0.15158933 0.11516732]
[0.26275326 0.15076936 0.11165792]
[0.26303369 0.15169932 0.11357739]