[ 0.04629579 -0.00018191 -0.11494954]
[ 0.08087241 -0.02771518 -0.19540878]
[ 0.08788257 -0.07457959 -0.15691565]
[ 0.09894453  0.08956833 -0.01703496]
[ 0.10170099 -0.04100984 -0.19649466]
[ 0.10339722 -0.04556666 -0.19339837]
[ 0.10662219 -0.06280438 -0.05900241]
[ 0.10919725 -0.05631012 -0.18724597]
[ 0.1114035  -0.06148268 -0.18391024]
[ 0.11198653 -0.03655493 -0.18901599]
[ 0.1150254  -0.06819182 -0.17881783]
[ 0.11652133 -0.03600004 -0.18522258]
[ 0.11680488 -0.09545348 -0.16706902]
[ 0.11688933 -0.08851287 -0.16890736]
[ 0.11717743 -0.08025544 -0.17119534]
[ 0.11770468 -0.0956245  -0.16530825]
[ 0.1178956  -0.07500365 -0.17319752]
[ 0.1179422  -0.07532848 -0.17287918]
[ 0.11861341 -0.09564175 -0.16285515]
[ 0.12270209 -0.09453041 -0.1466565 ]
[ 0.12311074 -0.09442991 -0.14508344]
[ 0.12346372 -0.0939841  -0.14216621]
[ 0.12348221 -0.0939586  -0.14200412]
[ 0.12355855 -0.0349663  -0.1790678 ]
[ 0.12431128 -0.09259387 -0.13696908]
[ 0.12756173 -0.08723314 -0.1172025 ]
[ 0.12758327 -0.08721378 -0.11711322]
[ 0.12760288 -0.0871748  -0.11697684]
[ 0.12764956 -0.0870573  -0.11658839]
[ 0.12947166 -0.08089936 -0.08466241]
[ 0.13670212 -0.06724318 -0.07294523]
[ 0.13679964 -0.06704822 -0.07267241]
[ 0.13832858 -0.01828735 -0.14362402]
[ 0.13842915 -0.03044336 -0.16243138]
[ 0.13883917 -0.03023821 -0.16184779]
[ 0.14013051 -0.05969186 -0.06229451]
[ 0.14052647 -0.01301373 -0.01729783]
[0.14181069 0.02351861 0.03612844]
[ 0.14232654 -0.05565949 -0.0566945 ]
[ 0.142985   -0.05451339 -0.05571999]
[ 0.14540367 -0.02306966 -0.15468032]
[ 0.14893421 -0.02413204 -0.14807046]
[ 0.1497111  -0.04200542 -0.0450298 ]
[ 0.15120091 -0.02486879 -0.14432756]
[ 0.15134642 -0.02490219 -0.1439601 ]
[ 0.15161225 -0.02480289 -0.14347171]
[ 0.15389976 -0.0341974  -0.03835532]
[ 0.1552475  -0.03037527 -0.02331354]
[ 0.15733116 -0.00059873 -0.07728292]
[ 0.15819872 -0.02071749 -0.12793698]
[ 0.15934932 -0.02298088 -0.01925568]
[ 0.15941608 -0.02005285 -0.12488892]
[ 0.16145487 -0.01853222 -0.11873879]
[ 0.16225368 -0.01815833 -0.01657613]
[0.1671909  0.17100011 0.03498137]
[ 0.1673006  -0.01115599 -0.09336723]
[ 0.16806869 -0.01063119 -0.08679434]
[ 0.16840362 -0.01049685 -0.08447985]
[ 0.16890401 -0.00965676 -0.07728936]
[ 0.1698688  -0.00534153 -0.00388999]
[ 0.17237598 -0.00113813  0.00027285]
[ 1.74125077e-01 -8.07878480e-05 -7.60663206e-02]
[0.17886597 0.00990085 0.01645613]
[0.18067529 0.01308782 0.02112786]
[0.18260233 0.07160815 0.06824767]
[0.18412516 0.0191746  0.03023221]
[ 0.18558483  0.02084864 -0.06528397]
[ 0.18628186  0.0482422  -0.05199419]
[0.18677023 0.02366354 0.03694793]
[ 0.18965788  0.02718397 -0.0619854 ]
[0.19115706 0.03085822 0.04172563]
[ 0.19593486  0.03683306 -0.05516618]
[0.19778838 0.04174554 0.04895536]
[ 0.19967677  0.04261963 -0.0516242 ]
[0.20022356 0.06631189 0.00620011]
[ 0.20119516  0.04551358 -0.04224927]
[ 0.20179867  0.04625297 -0.04945116]
[ 0.20471072  0.0521344  -0.02266106]
[0.2064531  0.05579183 0.05382524]
[0.20673713 0.05624531 0.05398132]
[ 0.20745285  0.05702566 -0.00803204]
[0.20941096 0.06072952 0.05556056]
[ 0.20949857  0.06056979 -0.00284127]
[ 0.21008985  0.06157444 -0.00137042]
[0.21180594 0.06455792 0.01052889]
[0.21450394 0.06914109 0.01713199]
[0.21609031 0.07190281 0.02108946]
[0.2193507  0.07734079 0.0534443 ]
[0.22134316 0.0806692  0.05283185]
[0.22164537 0.08115543 0.05273778]
[0.22259569 0.08310235 0.02848012]
[0.23281154 0.10050176 0.04005901]
[0.23500466 0.10388127 0.04865708]
[0.23592302 0.10562606 0.04356037]
[0.2380621  0.13078062 0.04909057]
[0.23930083 0.11098407 0.04733183]