[-0.19018832 -0.11517711 -0.123196  ]
[-0.18989796 -0.10767011 -0.1115566 ]
[-0.18988966 -0.11602617 -0.12428047]
[-0.18980145 -0.10347962 -0.10510526]
[-0.18921954 -0.13579828 -0.11621528]
[-0.18916725 -0.09827325 -0.10308459]
[-0.18913301 -0.13333362 -0.11718498]
[-0.1887662  -0.13806172 -0.11521305]
[-0.18716665 -0.09216939 -0.10060869]
[-0.18204342 -0.07699026 -0.09443901]
[-0.18111261 -0.15341806 -0.11919764]
[-0.18053951 -0.07246602 -0.08894494]
[-0.1804951  -0.15495578 -0.11960303]
[-0.17999578 -0.0707649  -0.08686242]
[-0.17835719 -0.06604202 -0.08856572]
[-0.17792206 -0.15822042 -0.12040952]
[-0.17790523 -0.06472189 -0.08904081]
[-0.17684293 -0.06213253 -0.0900022 ]
[-0.17633166 -0.06088869 -0.08946362]
[-0.17576031 -0.16053065 -0.12146659]
[-0.17279326 -0.05227865 -0.0857357 ]
[-0.16956204 -0.0672204  -0.08968689]
[-0.1622743  -0.02666476 -0.08319291]
[-0.16141183 -0.17752547 -0.12914067]
[-0.15800703 -0.18168278 -0.13101101]
[-0.15331181 -0.00588067 -0.0812421 ]
[-0.15190139 -0.18576352 -0.13302835]
[-1.50732994e-01  1.50725947e-04 -8.44973539e-02]
[-0.15014159 -0.18705188 -0.13365423]
[-0.1500484   0.00165957 -0.08529917]
[-0.14826893 -0.18791051 -0.13497996]
[-0.1475156  -0.18882487 -0.1347807 ]
[-0.14732268 -0.18931461 -0.13440059]
[-0.14722533 -0.18823374 -0.13431385]
[-0.14544433  0.01175158 -0.09216757]
[-0.14520798 -0.12740738 -0.11035144]
[-0.14199963  0.01919428 -0.1001836 ]
[-0.14110172  0.00215588 -0.08279157]
[-0.13221955  0.03889705 -0.1214763 ]
[-0.13150969  0.04039816 -0.12159562]
[-0.12993257 -0.20924531 -0.13131599]
[-0.12576745  0.05501423 -0.12220812]
[-0.12511552 -0.21460962 -0.13066304]
[-0.12359166  0.06025509 -0.12248259]
[-0.12082606  0.06499224 -0.13605521]
[-0.12004752 -0.2186288  -0.12982864]
[-0.11938822  0.06667943 -0.14158198]
[-0.117324   -0.2209684  -0.12939655]
[-0.11495667  0.07182059 -0.15879482]
[-0.11462739  0.07223207 -0.16013286]
[-0.11339634  0.07316208 -0.16391635]
[-0.11227473  0.0740848  -0.16751455]
[-0.10531538  0.08249687 -0.18497266]
[-0.10375454 -0.22495787 -0.13598659]
[-0.10225676  0.08463136 -0.1901985 ]
[-0.10070467 -0.23126542 -0.13129774]
[-0.10049836  0.04867763 -0.13497901]
[-0.09982892  0.08173507 -0.19893267]
[-0.09840661  0.07949091 -0.20623685]
[-0.09690894  0.07799096 -0.21047913]
[-0.09643901  0.0777054  -0.21163823]
[-0.09219587 -0.20048184 -0.12159207]
[-0.09132354 -0.24779077 -0.11707592]
[-0.09126771 -0.24787948 -0.11700318]
[-0.08766748  0.07344614 -0.22579741]
[-0.08758952  0.07337055 -0.22595207]
[-0.08727242  0.07307794 -0.22653015]
[-0.08708644 -0.25485594 -0.11153147]
[-0.0829202  -0.26228692 -0.10604412]
[-0.07780643 -0.27011    -0.09940432]
[-0.07524146  0.06461983 -0.23938325]
[-0.07338872  0.06347425 -0.24082357]
[-0.07242414 -0.2743063  -0.09704035]
[-0.07134197  0.06232142 -0.24202763]
[-0.06839555  0.06455051 -0.24213048]
[-0.06493446 -0.28037847 -0.09389573]
[-0.06411171 -0.28090649 -0.09346374]
[-0.06349372 -0.26473858 -0.08282719]
[-0.05750428  0.07312741 -0.24563673]
[-0.05701899 -0.05793924 -0.06378165]
[-0.05681368 -0.28661854 -0.08840011]
[-0.05513631  0.07096206 -0.24694604]
[-0.05513388  0.06950699 -0.19552953]
[-0.05106867 -0.29090308 -0.08428406]
[-0.049039   -0.29177526 -0.08243664]
[-0.04401431  0.06080657 -0.25362154]
[-0.0428173   0.0597166  -0.25444709]
[-0.04167239  0.05865211 -0.25445904]
[-0.03920843  0.05634059 -0.25375506]
[-0.03749112 -0.29383347 -0.07686165]
[-0.03667292 -0.29396893 -0.07646385]
[-0.03522599 -0.29371743 -0.07562812]
[-0.03116615  0.0488366  -0.25289874]
[-0.02924493 -0.19633979 -0.03638446]
[-0.02403238 -0.2914813  -0.0690846 ]
[-0.0216392  -0.28991671 -0.06739298]
[-0.01821788 -0.2874991  -0.066752  ]
[-0.01264893 -0.2833175  -0.06574285]
[-0.00881065 -0.27862349 -0.06529857]
[-0.00620358 -0.27463557 -0.0651077 ]
[-0.00566409 -0.27123593 -0.05729878]
[-0.00557848 -0.26606073 -0.04591705]
[-0.00497521 -0.26469168 -0.04504055]
[-0.00491821  0.02937121 -0.25073842]
[-0.00278222 -0.25913079 -0.04164646]
[ 0.00154211  0.02401762 -0.25013567]
[ 0.00155657 -0.24962145 -0.03546249]
[ 0.00178986 -0.24913754 -0.03513973]
[ 0.00461892 -0.24342983 -0.03187109]
[ 0.01269206 -0.23177883 -0.02393415]
[ 0.0131982  -0.2310858  -0.02438831]
[ 0.01563808  0.01284855 -0.24526339]
[ 0.01842965  0.01064792 -0.24422001]
[ 0.02101058  0.01132163 -0.2244428 ]
[ 0.02340881 -0.0025216  -0.24035795]
[ 0.02381085 -0.00368413 -0.24028107]
[ 0.03119747 -0.21085592 -0.03815796]
[ 0.03162929 -0.21035302 -0.03838016]
[ 0.03900986 -0.20143596 -0.04228909]
[ 0.04001341 -0.14998041 -0.06017536]
[ 0.04240709 -0.00780877 -0.2371738 ]
[ 0.04417408 -0.00936628 -0.23686802]
[ 0.04629579 -0.00018191 -0.11494954]
[ 0.04635674 -0.192978   -0.04603565]
[ 0.05881007 -0.02214825 -0.22711542]
[ 0.061145   -0.17681522 -0.05736314]
[ 0.06654429 -0.02672109 -0.22224302]
[ 0.0685028  -0.16916072 -0.06469978]
[ 0.0692497  -0.02733286 -0.22066602]
[ 0.0734457  -0.16355734 -0.06985408]
[ 0.07867839 -0.12135704 -0.09548375]
[ 0.08041829 -0.02999403 -0.21527202]
[ 0.08087241 -0.02771518 -0.19540878]
[ 0.08203061 -0.15398921 -0.0794416 ]
[ 0.0853779  -0.03363206 -0.21233676]
[ 0.08557269 -0.14982243 -0.08351652]
[ 0.08788257 -0.07457959 -0.15691565]
[ 0.09054345 -0.14431797 -0.09068051]
[ 0.09105707 -0.03752165 -0.20690311]
[ 0.09241946 -0.03801137 -0.20571428]
[ 0.09624751 -0.13800149 -0.09890134]
[ 0.09764382 -0.13638527 -0.1009562 ]
[ 0.10170099 -0.04100984 -0.19649466]
[ 0.10339722 -0.04556666 -0.19339837]
[ 0.10755101 -0.12291489 -0.10739008]
[ 0.10804754 -0.12204396 -0.10774536]
[ 0.10919725 -0.05631012 -0.18724597]
[ 0.1114035  -0.06148268 -0.18391024]
[ 0.11416479 -0.11252964 -0.12213437]
[ 0.1150254  -0.06819182 -0.17881783]
[ 0.11657273 -0.10897958 -0.12755927]
[ 0.11680488 -0.09545348 -0.16706902]
[ 0.11688933 -0.08851287 -0.16890736]
[ 0.11717743 -0.08025544 -0.17119534]
[ 0.11770468 -0.0956245  -0.16530825]
[ 0.1178956  -0.07500365 -0.17319752]
[ 0.1179422  -0.07532848 -0.17287918]
[ 0.11861341 -0.09564175 -0.16285515]
[ 0.11894359 -0.10522161 -0.13122683]
[ 0.12270209 -0.09453041 -0.1466565 ]
[ 0.12311074 -0.09442991 -0.14508344]
[ 0.12346372 -0.0939841  -0.14216621]
[ 0.12348221 -0.0939586  -0.14200412]