[ 0.09894453  0.08956833 -0.01703496]
[ 0.13709505  0.1829006  -0.19692152]
[ 0.16391302  0.16401437 -0.10409203]
[0.1671909  0.17100011 0.03498137]
[ 0.18206531  0.27256305 -0.13476061]
[ 0.18628186  0.0482422  -0.05199419]
[0.20022356 0.06631189 0.00620011]
[ 0.20119516  0.04551358 -0.04224927]
[ 0.20179867  0.04625297 -0.04945116]
[ 0.20471072  0.0521344  -0.02266106]
[ 0.20745285  0.05702566 -0.00803204]
[ 0.20949857  0.06056979 -0.00284127]
[ 0.21008985  0.06157444 -0.00137042]
[ 0.21019565  0.06056925 -0.04249901]
[ 0.21047696  0.06104241 -0.04243819]
[ 0.21050756  0.2606327  -0.05345498]
[0.21180594 0.06455792 0.01052889]
[0.21450394 0.06914109 0.01713199]
[0.21609031 0.07190281 0.02108946]
[ 0.21616562  0.24953746 -0.19966016]
[ 0.21681269  0.29635727 -0.16775223]
[ 0.21867123  0.29232747 -0.17323531]
[ 0.21942596  0.29884007 -0.16141854]
[ 0.22095449  0.07870274 -0.04017867]
[0.22259569 0.08310235 0.02848012]
[ 0.2231455   0.10761786 -0.04361655]
[ 0.22414047  0.28267229 -0.18782539]
[ 0.22565839  0.31902526 -0.11212522]
[ 0.22590459  0.30504501 -0.14508352]
[ 0.22777329  0.09012735 -0.04060218]
[ 0.22891714  0.3192325  -0.11629948]
[ 0.22895778  0.30804232 -0.13645592]
[ 0.23094905  0.31945999 -0.11374779]
[ 0.23134624  0.32127395 -0.11016326]
[ 0.23192855  0.09774388 -0.04094587]
[ 0.23208199  0.27722497 -0.19216404]
[ 0.23210058  0.31958773 -0.11236366]
[0.23281154 0.10050176 0.04005901]
[0.23592302 0.10562606 0.04356037]
[ 0.23753866  0.10760868 -0.04658819]
[0.2380621  0.13078062 0.04909057]
[ 0.23899475  0.10927913 -0.05906537]
[0.23930083 0.11098407 0.04733183]
[0.24135365 0.11428544 0.04866491]
[ 0.24253468  0.11520433 -0.06633085]
[ 0.24255715  0.32140375 -0.06135217]
[ 0.24486116  0.26616547 -0.20010772]
[ 0.24647922  0.12192723 -0.0745095 ]
[0.24754471 0.12456745 0.05272362]
[ 0.25052498  0.12756828 -0.08203644]
[ 0.25093527  0.1348464  -0.16851991]
[ 0.25100201  0.32685988 -0.08055883]
[0.25127807 0.13139522 0.04561532]
[0.25135493 0.13154625 0.04545935]
[ 0.2539484   0.15495861 -0.10394048]
[0.25493169 0.13884551 0.03576946]
[ 0.25693153  0.32349061 -0.08050123]
[ 0.25734376  0.13558767 -0.09370029]
[ 0.26044702  0.13885745 -0.10001857]
[ 0.26107451  0.26141336 -0.19097017]
[ 0.26174863  0.26120871 -0.19058557]
[ 0.26213765  0.26104878 -0.19033584]
[0.26363839 0.15524543 0.02445949]
[ 0.26388276  0.14232216 -0.10689764]
[ 0.26398391  0.31902484 -0.07957038]
[ 0.26436157  0.13359822 -0.12923007]
[ 0.26441697  0.13325522 -0.12999179]
[ 0.26448517  0.13293789 -0.13064259]
[ 0.26458772  0.13233493 -0.13196519]
[ 0.26467072  0.12108483 -0.1562946 ]
[ 0.26479126  0.13037914 -0.13666584]
[ 0.26496074  0.31841777 -0.07946305]
[ 0.26507781  0.31832359 -0.07948635]
[ 0.26529675  0.25977529 -0.18832474]
[0.26660967 0.20732954 0.00375338]
[ 0.2691862   0.2254903  -0.16413214]
[ 0.27036888  0.12903478 -0.15344197]
[0.27126212 0.1717695  0.01377208]
[ 0.27126634  0.25923679 -0.18049076]
[0.27393292 0.17680841 0.01029976]
[ 0.27420128  0.13603251 -0.15179158]
[ 0.27557973  0.13865102 -0.15102231]
[ 0.27813969  0.25868444 -0.17150884]
[ 0.28067463  0.1895127  -0.00268958]
[ 0.2813234   0.30930267 -0.07588626]
[ 0.28148554  0.25685063 -0.17024206]
[ 0.28176558  0.19157653 -0.00255131]
[ 0.28378498  0.25564217 -0.16938612]
[ 0.28453236  0.25503621 -0.16904767]
[ 0.28454029  0.15754882 -0.14618506]
[ 0.28540523  0.15936377 -0.14573185]
[ 0.28643702  0.16172186 -0.14521031]
[ 0.28744549  0.25267481 -0.16772862]
[ 0.28979838  0.16886687 -0.14345813]
[ 0.29015437  0.25057495 -0.16652918]
[ 0.29098865  0.20911351 -0.00136583]
[ 0.29138642  0.20986869 -0.00220441]
[ 0.29344739  0.30099159 -0.07244967]
[ 0.29426972  0.30041209 -0.07220908]
[ 0.29507078  0.25684735 -0.05155178]
[ 0.29863973  0.18720763 -0.13880463]
[ 0.29954295  0.22683865 -0.02094387]
[ 0.30044437  0.19016273 -0.13933289]
[ 0.30074189  0.29466073 -0.06975013]
[ 0.30265802  0.23383159 -0.02863304]
[ 0.30284966  0.23423956 -0.02939151]
[ 0.30287671  0.1942817  -0.14009826]
[ 0.30327811  0.24142336 -0.15899717]
[ 0.30458896  0.2906696  -0.06928468]
[ 0.30488432  0.23760029 -0.03613204]
[ 0.30508366  0.23896452 -0.15752487]
[ 0.30530654  0.2116444  -0.14606159]
[ 0.30613556  0.28868533 -0.06893343]
[ 0.30627276  0.20131704 -0.14167091]
[ 0.30721286  0.24133624 -0.04369721]
[ 0.30819677  0.23490644 -0.15477336]
[ 0.30902852  0.23388983 -0.1540664 ]
[ 0.31017744  0.20798541 -0.14690355]
[ 0.31066361  0.20884461 -0.1475688 ]
[ 0.31104838  0.21046484 -0.14854161]
[ 0.31113168  0.24934948 -0.04753256]
[ 0.31193179  0.22785896 -0.15056406]
[ 0.31216316  0.22702687 -0.15013845]
[ 0.3124968   0.22549634 -0.1493869 ]
[ 0.31302298  0.27824817 -0.06667749]
[ 0.31302635  0.21889021 -0.1495225 ]
[ 0.31310388  0.21965265 -0.14956714]
[ 0.31321005  0.22069685 -0.14962828]
[ 0.31381759  0.27528624 -0.06565756]
[ 0.31384189  0.25672217 -0.05108087]
[ 0.31407488  0.27454094 -0.06506725]
[ 0.31464768  0.25878742 -0.05268648]
[ 0.31577135  0.26541653 -0.05786924]
[ 0.31615448  0.26761065 -0.05958442]