[-0.01983125  0.24534145 -0.02838775]
[-0.01959586  0.24462633 -0.02351603]
[-0.01922854  0.24362708 -0.01777826]
[-0.01916848  0.24313667 -0.01161357]
[-0.01911741  0.24211552  0.00328438]
[-0.01849689  0.24278373  0.00661092]
[-0.01717548  0.24563115  0.01498066]
[-0.0147929   0.25368021 -0.03880434]
[-0.01325596  0.23092132  0.01890442]
[-0.01233864  0.25346023  0.02475895]
[-0.01196541  0.25416836  0.02553325]
[-0.01094555  0.2611685  -0.04723623]
[-0.01053933  0.26232483 -0.04941313]
[-0.00814586  0.26900057 -0.06212039]
[-0.00719568  0.27304453 -0.06837343]
[-0.00709939  0.26244013  0.03112708]
[-0.00582362  0.27691058 -0.07569183]
[-0.00543083  0.27899386 -0.08153093]
[-0.00530186  0.28026198 -0.08568749]
[-0.00527169  0.28078478 -0.08730005]
[-0.00311088  0.26729929  0.03524269]
[-0.0025625   0.27532728 -0.0837468 ]
[-0.00250897  0.2864707  -0.09361717]
[0.00045945 0.27154524 0.03890145]
[ 0.00171869  0.29270343 -0.10110329]
[ 0.00329525  0.29527615 -0.10411449]
[ 0.00659714  0.20032706 -0.04520141]
[0.00681238 0.28071985 0.06004036]
[ 0.00838254  0.30390238 -0.11754839]
[ 0.00909525  0.30501567 -0.11931354]
[ 0.01008268  0.30582648 -0.12086089]
[0.01186869 0.28666671 0.06462333]
[ 0.01450951  0.31046149 -0.12902566]
[0.01837652 0.2939439  0.07038618]
[ 0.02132699  0.31788224 -0.13403688]
[0.02267432 0.30067721 0.07488636]
[0.02630264 0.30720249 0.09705698]
[0.02728926 0.30828741 0.10077358]
[ 0.03120553  0.32566729 -0.13957873]
[ 0.03189789  0.32631221 -0.14002467]
[ 0.03497952  0.32828855 -0.14149144]
[0.03645432 0.22221154 0.05326949]
[0.03884183 0.3237825  0.10821381]
[ 0.04123575  0.33248588 -0.14457645]
[0.04172808 0.32813696 0.11031105]
[ 0.04421307  0.33446287 -0.14613153]
[ 0.04602771  0.33530062 -0.14686362]
[0.05230523 0.34375391 0.12198866]
[0.05400012 0.34688617 0.12428   ]
[0.0542049  0.34719415 0.12424838]
[ 0.05597601  0.28138605 -0.11650856]
[0.05659356 0.35009692 0.12415055]
[ 0.05846904  0.34024021 -0.15141059]
[ 0.05922618  0.34042584 -0.15197456]
[0.05952099 0.35417057 0.12382794]
[0.06333713 0.34968085 0.12725647]
[0.0647751  0.36149736 0.12438297]
[ 0.06479839  0.34068249 -0.15461233]
[0.06872225 0.30688166 0.09934771]
[0.07188387 0.37130155 0.11715637]
[ 0.07292728  0.34031793 -0.15745281]
[0.07297736 0.37252126 0.11608616]
[ 0.08281347  0.34418482 -0.15332972]
[ 0.08302618  0.34429215 -0.15324554]
[0.08306617 0.38614154 0.10587233]
[ 0.08321249  0.34434618 -0.1531643 ]
[ 0.0836014   0.34444031 -0.15299121]
[ 0.08381539  0.34434208 -0.15309294]
[0.08482353 0.38822737 0.10413434]
[ 0.08545954  0.34357001 -0.15386817]
[ 0.08583038  0.33042709 -0.14926461]
[0.08782506 0.39167732 0.10377663]
[0.09265665 0.39826177 0.10361869]
[ 0.09313314  0.34018524 -0.1575669 ]
[0.09397184 0.40213056 0.09465287]
[0.09426221 0.40287962 0.09275325]
[0.09506331 0.40412536 0.09189565]
[0.09653373 0.40688296 0.09022223]
[0.09710572 0.3830005  0.09483081]
[ 0.10716318  0.33285511 -0.16607476]
[0.10747999 0.42768569 0.07770701]
[0.10846284 0.42954586 0.0765849 ]
[0.10884955 0.43024379 0.07615056]
[0.10933825 0.43132634 0.0748793 ]
[ 0.11136186  0.33042908 -0.16897614]
[0.11222477 0.43770548 0.06738337]
[0.1129603  0.43915777 0.06562124]
[0.11606736 0.44412364 0.05917612]
[0.1169236  0.44526182 0.05759672]
[0.11741301 0.44564907 0.05691888]
[ 0.1176587   0.32749921 -0.17342672]
[0.11770539 0.22310909 0.13120852]
[0.11862425 0.44681142 0.05715323]
[0.12654249 0.45389899 0.05851484]
[0.12787446 0.4546964  0.05861226]
[0.13072392 0.34259323 0.0444815 ]
[ 0.13080949  0.31856715 -0.18232722]
[0.13176332 0.45573536 0.05846688]
[0.13454136 0.45646043 0.05835732]
[ 0.13752774  0.31363955 -0.18682304]
[0.13786702 0.45688715 0.0569668 ]
[0.14030816 0.45658911 0.05582532]
[ 0.1413      0.29475313 -0.18708723]
[0.14495945 0.43213392 0.04892984]
[0.14507361 0.4559793  0.05359146]
[ 0.14664296  0.30566769 -0.19498761]
[0.14859075 0.45473582 0.05178597]
[0.15375643 0.45477257 0.05259079]
[0.155889   0.45474352 0.05291857]
[ 0.15634982  0.30563232 -0.19011078]
[0.15810906 0.45458618 0.05324689]
[ 0.16391302  0.16401437 -0.10409203]
[ 0.16629851  0.29897344 -0.19574397]
[0.1671909  0.17100011 0.03498137]
[ 0.16721491  0.29836393 -0.19626185]
[0.16925809 0.45298742 0.05481369]
[0.1697181  0.45289045 0.0548752 ]
[0.17186425 0.45263993 0.05552861]
[ 0.18206531  0.27256305 -0.13476061]
[ 0.18323043  0.29124953 -0.19959198]
[0.18739475 0.45080599 0.06025841]
[0.18982352 0.45025312 0.06101601]
[ 0.19052521  0.28839716 -0.20120597]
[0.19533182 0.44861767 0.0627599 ]
[ 0.19753472  0.28584539 -0.20280417]
[0.19833729 0.43794575 0.06437008]
[0.20320231 0.2655664  0.09613854]
[0.20357538 0.44107771 0.05736293]
[0.20364999 0.44100239 0.05731727]
[0.20385782 0.37571732 0.0871301 ]
[ 0.20554032  0.28182111 -0.20435161]
[0.21094363 0.43813925 0.05953322]
[ 0.21301637  0.27830338 -0.20532944]
[ 0.21616562  0.24953746 -0.19966016]
[ 0.22689096  0.27172562 -0.20713318]
[0.23097067 0.4200067  0.05037062]
[0.23382164 0.41753434 0.049075  ]
[ 0.23412819  0.27007583 -0.20457339]
[ 0.23585414  0.16294771 -0.04294204]
[0.23770824 0.41400781 0.04729623]
[0.2380621  0.13078062 0.04909057]
[0.24447272 0.40777289 0.04419255]
[ 0.24486116  0.26616547 -0.20010772]
[0.2464969  0.39928377 0.04273274]
[0.24940824 0.40299002 0.04155395]
[0.25135493 0.13154625 0.04545935]
[ 0.25159095  0.14366106 -0.00966559]
[0.25167563 0.39961346 0.03845421]
[0.253058   0.13755806 0.01808673]
[ 0.2539484   0.15495861 -0.10394048]
[0.25425747 0.1400946  0.00653216]
[ 0.25477504  0.14077132 -0.00881325]
[ 0.25481887  0.14074603 -0.01507502]
[ 0.25506893  0.14107992 -0.02207232]
[ 0.25519672  0.14166699 -0.00063262]
[ 0.25536487  0.14161805 -0.03203388]
[ 0.25552089  0.14169461 -0.034851  ]
[ 0.25577456  0.14182197 -0.03946528]
[0.25670813 0.39798817 0.04096812]
[0.2576281  0.14209953 0.04864258]
[ 0.25853577  0.14547038 -0.05936835]
[ 0.25910134  0.1459449  -0.06710136]
[ 0.26107451  0.26141336 -0.19097017]
[ 0.26128917  0.14622529 -0.08450371]
[ 0.26174863  0.26120871 -0.19058557]
[ 0.26213765  0.26104878 -0.19033584]
[ 0.26217229  0.14605319 -0.08923322]
[ 0.26529675  0.25977529 -0.18832474]
[ 0.26864657  0.15229871 -0.10394674]
[ 0.2691862   0.2254903  -0.16413214]
[0.27055005 0.16379479 0.05558711]
[0.27325175 0.16878834 0.05727203]
[0.27360942 0.20335621 0.07475951]
[0.2756186  0.38449405 0.03859141]
[ 0.27593128  0.16186282 -0.11375757]
[ 0.27647214  0.1625032  -0.11442316]
[ 0.27683067  0.16288056 -0.11482188]
[ 0.2782441   0.25195893 -0.18569044]
[0.28020526 0.18092403 0.06124379]
[ 0.28173325  0.24846616 -0.18797426]
[0.28437315 0.18803536 0.06448015]
[0.28475889 0.34395605 0.04017508]
[0.28646665 0.19291797 0.06683089]
[0.28879607 0.37441313 0.03698967]
[0.28903262 0.19873342 0.07079077]
[0.28982184 0.37361966 0.03686569]
[ 0.29049975  0.17760766 -0.12943131]
[0.29069311 0.20253725 0.07338172]
[ 0.29107952  0.23632145 -0.19286529]
[0.29187009 0.20504667 0.07681661]
[0.29240308 0.20711871 0.07965927]
[0.29318835 0.21042    0.08418929]
[0.29362534 0.21166415 0.08341794]
[ 0.29377805  0.234904   -0.19010406]
[ 0.29610729  0.2336808  -0.18772131]
[0.29707899 0.2857114  0.0816872 ]
[0.29715684 0.22453633 0.07463794]
[0.29811385 0.22838649 0.07497705]
[ 0.29863973  0.18720763 -0.13880463]
[0.2986512  0.36853803 0.0385742 ]
[ 0.29945796  0.23141459 -0.18313362]
[ 0.30044437  0.19016273 -0.13933289]
[0.30211216 0.25177837 0.07723473]
[ 0.30214727  0.22937018 -0.17981378]
[ 0.30287671  0.1942817  -0.14009826]
[0.30528502 0.26517136 0.07843132]
[ 0.30530654  0.2116444  -0.14606159]
[0.30582087 0.26847048 0.07875278]
[ 0.30627276  0.20131704 -0.14167091]
[0.3064312  0.27560373 0.08410852]
[0.30656826 0.27717685 0.08529205]
[ 0.3070609   0.22487171 -0.17226151]
[0.30729303 0.28219612 0.08659844]
[ 0.30920375  0.22293811 -0.16902286]
[ 0.30932125  0.22277598 -0.16873599]
[ 0.30963531  0.2223793  -0.16792469]
[ 0.30982462  0.22184672 -0.16683715]
[0.30988007 0.36123772 0.0408573 ]
[0.30989319 0.29569354 0.08451698]
[ 0.31017744  0.20798541 -0.14690355]
[ 0.31066361  0.20884461 -0.1475688 ]
[ 0.31104838  0.21046484 -0.14854161]
[ 0.31129001  0.2114673  -0.14977854]
[0.31141637 0.29930191 0.07684624]
[0.3116749  0.29986775 0.0756984 ]
[0.31263409 0.30325686 0.07367364]
[ 0.31272737  0.21673171 -0.15638427]
[ 0.3127286   0.21673572 -0.15639244]
[0.31349215 0.35812395 0.04041484]
[0.31534059 0.35645197 0.04018084]
[0.31814366 0.35250112 0.03968933]
[0.32027555 0.32391336 0.06175134]
[0.32033373 0.32405647 0.06166996]
[0.32039636 0.32423792 0.06156419]
[0.32084802 0.3485987  0.03920636]
[0.3211921  0.34736727 0.03907396]
[0.32251621 0.33052318 0.05788868]
[0.32297029 0.33131375 0.05605446]
[0.32357738 0.33952314 0.03822295]
[0.32375148 0.33932039 0.0386074 ]
[0.32436707 0.33387484 0.05013436]
[0.32440525 0.33694886 0.04351329]