[0.13662391 0.42555392 0.30918468]
[0.13662671 0.42552597 0.30921557]
[0.13664836 0.42548713 0.30924792]
[0.13671386 0.42536271 0.3093538 ]
[0.13677901 0.42522709 0.30947297]
[0.13828476 0.4319907  0.30069315]
[0.13933209 0.43362203 0.29816727]
[0.14034876 0.41899475 0.31588286]
[0.14243242 0.41628719 0.31820254]
[0.14286793 0.43876964 0.29005909]
[0.14794825 0.44475544 0.28429793]
[0.15125429 0.44822377 0.28071095]
[0.15324674 0.40626543 0.32408156]
[0.15380722 0.45082811 0.27796912]
[0.15600693 0.45330102 0.27357217]
[0.15658284 0.40319782 0.3258585 ]
[0.15918582 0.40108943 0.32680921]
[0.16097952 0.3982807  0.32634912]
[0.16261977 0.46095446 0.26015439]
[0.16793681 0.38622319 0.32454568]
[0.1681402  0.38592639 0.32449386]
[0.1693122  0.46832341 0.2500241 ]
[0.17016095 0.44189439 0.27013161]
[0.17428789 0.38082773 0.32608085]
[0.1758035  0.37971913 0.32642104]
[0.17628184 0.47645183 0.23911909]
[0.17822616 0.47875837 0.23577964]
[0.17911649 0.47979201 0.23427048]
[0.17980114 0.39252625 0.32190542]
[0.18235733 0.48352407 0.22880403]
[0.1840267  0.37011517 0.32526365]
[0.18421705 0.36985167 0.3252024 ]
[0.18565063 0.48725361 0.22330491]
[0.18630548 0.48787763 0.22231573]
[0.19177685 0.49306674 0.21407287]
[0.19262459 0.49381828 0.21343523]
[0.19413701 0.49453453 0.2125782 ]
[0.1958363  0.35546132 0.3209807 ]
[0.20198649 0.49691953 0.20872881]
[0.20210734 0.49692701 0.20868268]
[0.20229993 0.34786374 0.3185161 ]
[0.20240977 0.4968774  0.20859794]
[0.20255759 0.34759213 0.31840896]
[0.21132713 0.49555528 0.20603609]
[0.2142682  0.49448882 0.20547438]
[0.21838186 0.49357734 0.20707136]
[0.21851648 0.34134539 0.32210688]
[0.22265108 0.33969529 0.32310516]
[0.22288131 0.47093436 0.21300837]
[0.22343526 0.49177387 0.20916554]
[0.22596692 0.49072461 0.21024289]
[0.22672647 0.33854206 0.32348878]
[0.22721686 0.33844254 0.32357766]
[0.23196688 0.48775086 0.21069398]
[0.24192429 0.48198885 0.21155886]
[0.24328754 0.33472076 0.32713717]
[0.24512816 0.48003077 0.21185178]
[0.24792036 0.33185401 0.32638384]
[0.25136478 0.33089117 0.32549221]
[0.25464121 0.37148578 0.27430232]
[0.25609664 0.4728788  0.21062126]
[0.26078886 0.46955668 0.21007996]
[0.26401353 0.32779682 0.32209269]
[0.26439739 0.3278313  0.32212381]
[0.26469488 0.32784309 0.3221603 ]
[0.26628232 0.32827266 0.32205116]
[0.27450515 0.4606372  0.21245344]
[0.27854893 0.45796371 0.21317107]
[0.27990046 0.45702621 0.21342884]
[0.28009928 0.33164341 0.3214063 ]
[0.28016531 0.34242598 0.3124799 ]
[0.28140378 0.33183549 0.3212184 ]
[0.28455404 0.33261104 0.32050664]
[0.28658515 0.33379875 0.31947854]
[0.28987718 0.44919679 0.21570221]
[0.29448144 0.33819984 0.31566067]
[0.29622189 0.34033501 0.31385477]
[0.2973195  0.44336367 0.21739507]
[0.29884794 0.34136014 0.30817022]
[0.29945438 0.34157427 0.3069552 ]
[0.29995707 0.34192285 0.30520853]
[0.30139335 0.34314518 0.29923944]
[0.30145487 0.44031567 0.21958686]
[0.30318371 0.43882782 0.2205716 ]
[0.30374785 0.34680943 0.29129087]
[0.30412187 0.41328109 0.2290329 ]
[0.30576719 0.43582105 0.22229417]
[0.30603311 0.35031198 0.28367354]
[0.30667565 0.35193934 0.2823144 ]
[0.30733757 0.35398692 0.28062467]
[0.30884658 0.43139317 0.22461781]
[0.30990379 0.36189165 0.27409996]
[0.31058045 0.4283811  0.22609241]
[0.31089921 0.36551189 0.27113677]
[0.31300849 0.37287203 0.2641697 ]
[0.31428884 0.42198544 0.2306928 ]
[0.31458835 0.42145122 0.23107173]
[0.31467261 0.42125694 0.23119669]
[0.31488524 0.42059128 0.23158525]
[0.3154161 0.4189084 0.2325641]
[0.31671409 0.38659027 0.25121845]
[0.31673912 0.41467639 0.23530165]
[0.31679338 0.38693344 0.25089651]
[0.3170016  0.38795283 0.25040661]
[0.31714127 0.38945114 0.24960175]
[0.31758103 0.40840479 0.23874392]
[0.31771175 0.40736478 0.23941863]
[0.31780901 0.40452857 0.2411265 ]