[-0.29246071 -0.29782641  0.08317597]
[-0.29198185 -0.30215701  0.08276713]
[-0.29172697 -0.292502    0.08382789]
[-0.29130645 -0.29003141  0.08413943]
[-0.29114687 -0.28921383  0.08424482]
[-0.290593   -0.30533924  0.0806827 ]
[-0.29035687 -0.28701589  0.08456891]
[-0.28971944 -0.28257886  0.08688615]
[-0.28961471 -0.28219882  0.08711625]
[-0.28836193 -0.3095882   0.07799144]
[-0.2880378  -0.27618325  0.09070755]
[-0.28454033 -0.27014191  0.09552173]
[-0.28385019 -0.26903045  0.09643688]
[-0.28366174 -0.26883264  0.09664116]
[-0.28345082 -0.26862593  0.096796  ]
[-0.283389   -0.31091049  0.07027587]
[-0.28108024 -0.31139819  0.06704017]
[-0.28061841 -0.31163702  0.06642298]
[-0.27927091 -0.30470343  0.08392937]
[-0.27837828 -0.26495865  0.10039542]
[-0.27768231 -0.26444728  0.10089005]
[-0.27760756 -0.26438603  0.10094378]
[-0.2773851  -0.26431351  0.10109322]
[-0.27099854 -0.26198368  0.10540695]
[-0.2699001  -0.26193594  0.10611523]
[-0.26768486 -0.3162883   0.05429348]
[-0.26675074 -0.26154397  0.10744556]
[-0.26577218 -0.26831558  0.10815153]
[-0.26497545 -0.31722015  0.05186013]
[-0.26416025 -0.26048616  0.1085086 ]
[-0.26356672 -0.26146402  0.11185486]
[-0.26313282 -0.31779511  0.05035397]
[-0.26289281 -0.31787231  0.05015903]
[-0.26025647 -0.26014546  0.11329758]
[-0.25497963 -0.25765425  0.11577613]
[-0.25246566 -0.25604128  0.11715257]
[-0.24991389 -0.32126028  0.04155071]
[-0.24578933 -0.25150426  0.12092433]
[-0.24387179 -0.32242646  0.03855366]
[-0.24054602 -0.24781768  0.12394317]
[-0.23936212 -0.32329169  0.03631326]
[-0.23877392 -0.24687093  0.12482609]
[-0.23747981 -0.24634255  0.12539603]
[-0.23646846 -0.24584732  0.12566305]
[-0.2308495  -0.24190064  0.12741188]
[-0.22930573 -0.32522249  0.03131389]
[-0.2276009  -0.24294339  0.13373667]
[-0.22429053 -0.24449895  0.13843666]
[-0.22306156 -0.24502926  0.14034854]
[-0.22070021 -0.32687473  0.02703579]
[-0.21991256 -0.3140188   0.05870457]
[-0.21860867 -0.24485954  0.14420433]
[-0.21561025 -0.2553483   0.126794  ]
[-0.21486266 -0.32796766  0.02420243]
[-0.20449399 -0.24801219  0.14946253]
[-0.20157799 -0.24830847  0.1502261 ]
[-0.20089662 -0.24837337  0.15041464]
[-0.20041109 -0.24847297  0.15042445]
[-0.19438573 -0.33635106  0.01730846]
[-0.19059586 -0.33804708  0.01563381]
[-0.19018832 -0.11517711 -0.123196  ]
[-0.18989796 -0.10767011 -0.1115566 ]
[-0.18988966 -0.11602617 -0.12428047]
[-0.18987466 -0.33831722  0.01546038]
[-0.18980145 -0.10347962 -0.10510526]
[-0.18921954 -0.13579828 -0.11621528]
[-0.18916725 -0.09827325 -0.10308459]
[-0.18913301 -0.13333362 -0.11718498]
[-0.1887662  -0.13806172 -0.11521305]
[-0.18744498 -0.34020612  0.01548434]
[-0.18716665 -0.09216939 -0.10060869]
[-0.18204342 -0.07699026 -0.09443901]
[-0.18111261 -0.15341806 -0.11919764]
[-0.18053951 -0.07246602 -0.08894494]
[-0.1804951  -0.15495578 -0.11960303]
[-0.17999578 -0.0707649  -0.08686242]
[-0.1783141  -0.06568906 -0.08408746]
[-0.17820035 -0.3465176   0.01620532]
[-0.17792206 -0.15822042 -0.12040952]
[-0.17650782 -0.25272079  0.15243809]
[-0.17632288 -0.252762    0.15243419]
[-0.17581785 -0.05964928 -0.0810402 ]
[-0.17576031 -0.16053065 -0.12146659]
[-0.17336712 -0.25364567  0.15250621]
[-0.16956204 -0.0672204  -0.08968689]
[-0.16887807 -0.04276463 -0.05339738]
[-0.16693272 -0.03804334 -0.04806565]
[-0.16613965 -0.34092804  0.02708889]
[-0.16607002 -0.03578588 -0.0455469 ]
[-0.16562691 -0.25580185  0.1532169 ]
[-0.16533708 -0.35095238  0.01461405]
[-0.16521508 -0.03327367 -0.03151522]
[-0.16482595 -0.03274453 -0.04211644]
[-0.163078   -0.25650798  0.15346387]
[-0.16146812 -0.26061004  0.1415302 ]
[-0.16141183 -0.17752547 -0.12914067]
[-0.15898514 -0.01849045 -0.0266991 ]
[-0.15839264 -0.01708094 -0.02623893]
[-0.15800703 -0.18168278 -0.13101101]
[-0.15638172 -0.01218983 -0.02152149]
[-0.15564388 -0.01052213 -0.01989652]
[-0.15415986 -0.25897861  0.15432795]
[-0.15262538 -0.04113203 -0.04448959]
[-0.15190139 -0.18576352 -0.13302835]
[-0.15160286 -0.00539428  0.06242632]
[-0.15072194 -0.00193135  0.05236697]
[-0.15042444 -0.00086408  0.04926037]
[-0.15014159 -0.18705188 -0.13365423]
[-0.15003616 -0.002939    0.06850894]
[-0.1496099   0.00167083  0.04185564]
[-0.14855243  0.00522846  0.02223477]
[-0.14851455  0.00532279  0.0186126 ]
[-0.1483731   0.00503453  0.03199211]
[-0.14826893 -0.18791051 -0.13497996]
[-0.1475156  -0.18882487 -0.1347807 ]
[-0.14732268 -0.18931461 -0.13440059]
[-0.14722533 -0.18823374 -0.13431385]
[-0.14702487 -0.35984193  0.0138862 ]
[-0.1470141   0.00871392  0.00751607]
[-0.14695245 -0.00054752  0.07641121]
[-0.14614641  0.01074608  0.00085451]
[-0.14540278  0.00065394  0.0803818 ]
[-0.14520798 -0.12740738 -0.11035144]
[-0.14494549  0.00075685  0.08113397]
[-0.14403005 -0.00071814  0.0843275 ]
[-0.14211524 -0.00334231  0.08935653]
[-0.14171356 -0.3624245   0.01366963]
[-0.14081548 -0.36266504  0.01388632]
[-0.13945142 -0.26031576  0.15418702]
[-0.13873235 -0.00672814  0.09376449]
[-0.1364419  -0.00767014  0.09618578]
[-0.13642446 -0.00767737  0.09620315]
[-0.13634771 -0.00771116  0.09624417]
[-0.13466289 -0.36443977  0.01547893]
[-0.12993257 -0.20924531 -0.13131599]
[-0.1279394  -0.26127451  0.15456893]
[-0.12684024 -0.01190089  0.10126295]
[-0.12671433 -0.01208288  0.10135302]
[-0.12511552 -0.21460962 -0.13066304]
[-0.12301618 -0.01704795  0.10249354]
[-0.12268234  0.01108695  0.00855254]
[-0.12038083 -0.01586189  0.0846142 ]
[-0.12004752 -0.2186288  -0.12982864]
[-0.11804241 -0.36925199  0.01975654]
[-0.11735571 -0.02466714  0.10431667]
[-0.117324   -0.2209684  -0.12939655]
[-0.11715726 -0.26224555  0.15451707]
[-0.11711778 -0.29019214  0.07859083]
[-0.11524453 -0.26213044  0.15435391]
[-0.11303126 -0.37020669  0.02172556]
[-0.11176508 -0.0245011   0.10545568]
[-0.10773036 -0.3693769   0.02191912]
[-0.10530528 -0.2616629   0.15322454]
[-0.10375454 -0.22495787 -0.13598659]
[-0.103734   -0.02387103  0.10625177]
[-0.10293993 -0.26548473  0.15505282]
[-0.10164489 -0.26546104  0.1442503 ]
[-0.1007471  -0.36119627  0.04209163]
[-0.10070467 -0.23126542 -0.13129774]
[-0.09963212 -0.36767077  0.02344699]
[-0.09839088 -0.27258115  0.15715356]
[-0.09603542 -0.02323822  0.10695305]
[-0.09551497 -0.36673254  0.02442282]
[-0.09548541 -0.27546511  0.15782829]
[-0.09544597 -0.27550451  0.15783825]
[-0.09523534 -0.27569358  0.15782469]
[-0.09219587 -0.20048184 -0.12159207]
[-0.09132354 -0.24779077 -0.11707592]
[-0.09126771 -0.24787948 -0.11700318]
[-0.09025524 -0.37212524  0.03304338]
[-0.08942848 -0.37296899  0.03499686]
[-0.08874293 -0.37291519  0.03571012]
[-0.08842417 -0.28183154  0.15746167]
[-0.08708644 -0.25485594 -0.11153147]
[-0.08612467 -0.02813055  0.10796922]
[-0.08528139 -0.28716838  0.15802936]
[-0.08396829 -0.28938489  0.1582902 ]
[-0.08373855 -0.28978273  0.15831796]
[-0.0829202  -0.26228692 -0.10604412]
[-0.07962908 -0.37249205  0.04475693]
[-0.07780643 -0.27011    -0.09940432]
[-0.07654422 -0.30324382  0.1574026 ]
[-0.0740437  -0.37052082  0.04834817]
[-0.07271501 -0.31012105  0.15742716]
[-0.07270836 -0.3696332   0.0494491 ]
[-0.07242414 -0.2743063  -0.09704035]
[-0.07030466 -0.31451217  0.15733196]
[-0.06995029 -0.31485405  0.15722961]
[-0.06977289 -0.36670353  0.05243876]
[-0.06882913 -0.34668885  0.10477923]
[-0.06791856 -0.03750308  0.10818879]
[-0.06609218 -0.36348375  0.05592335]
[-0.06545671 -0.03878435  0.10815902]
[-0.06493446 -0.28037847 -0.09389573]
[-0.06411171 -0.28090649 -0.09346374]
[-0.06349372 -0.26473858 -0.08282719]
[-0.06336938 -0.31982162  0.15767038]
[-0.05919608 -0.04174734  0.10809606]
[-0.0583423  -0.32473666  0.15610803]
[-0.05701899 -0.05793924 -0.06378165]
[-0.05681368 -0.28661854 -0.08840011]
[-0.05605219 -0.32664401  0.15595858]
[-0.05356268 -0.35978203  0.07453927]
[-0.05339838 -0.32743294  0.15462963]
[-0.05335593 -0.35969899  0.07491245]
[-0.05273769 -0.35937797  0.07624699]
[-0.05110884 -0.05170843  0.08465772]
[-0.05106867 -0.29090308 -0.08428406]
[-0.05014753 -0.358233    0.08123699]
[-0.04933593 -0.04657792  0.10737233]
[-0.049039   -0.29177526 -0.08243664]
[-0.04802223 -0.33118027  0.15058319]
[-0.04621679 -0.33232723  0.14929455]
[-0.04568558 -0.33263187  0.1488863 ]
[-0.0454566  -0.34316016  0.14223001]
[-0.04505716 -0.35819008  0.09205217]
[-0.0446539  -0.33390783  0.1476669 ]
[-0.04414109 -0.35795196  0.09524352]
[-0.04243335 -0.35745352  0.10116526]
[-0.04128136 -0.35719104  0.10477994]
[-0.04098633 -0.35678289  0.10746201]
[-0.04078224 -0.33917235  0.14279401]
[-0.04068801 -0.33966315  0.14244937]
[-0.04068421 -0.05636756  0.10626546]
[-0.04061313 -0.35661128  0.10907901]
[-0.03970696 -0.34218708  0.1374836 ]
[-0.03951917 -0.34268435  0.13651123]
[-0.03907074 -0.35495824  0.11564725]
[-0.03899042 -0.34588622  0.13477878]
[-0.03883161 -0.3488672   0.1334971 ]
[-0.03865948 -0.35306345  0.12159301]
[-0.03807955 -0.351555    0.1266211 ]
[-0.03749112 -0.29383347 -0.07686165]
[-0.03731667 -0.060127    0.10599867]
[-0.03667292 -0.29396893 -0.07646385]
[-0.03522599 -0.29371743 -0.07562812]
[-0.02924493 -0.19633979 -0.03638446]
[-0.02403238 -0.2914813  -0.0690846 ]
[-0.02371566 -0.06106835  0.10532701]
[-0.02308467 -0.06111447  0.10530305]
[-0.0223405  -0.06144932  0.10525095]
[-0.02233371 -0.06145236  0.10525054]
[-0.02233236 -0.06145297  0.10525046]
[-0.0216392  -0.28991671 -0.06739298]
[-0.01821788 -0.2874991  -0.066752  ]
[-0.01264893 -0.2833175  -0.06574285]
[-0.00881065 -0.27862349 -0.06529857]
[-0.00620358 -0.27463557 -0.0651077 ]
[-0.00566409 -0.27123593 -0.05729878]
[-0.00557848 -0.26606073 -0.04591705]
[-0.00497521 -0.26469168 -0.04504055]
[-0.00278222 -0.25913079 -0.04164646]
[ 0.00155657 -0.24962145 -0.03546249]
[ 0.00178986 -0.24913754 -0.03513973]
[ 0.00224255 -0.07268801  0.10227864]
[ 0.00304351 -0.14470119  0.03478646]
[ 0.00461892 -0.24342983 -0.03187109]
[ 0.0091739  -0.07935393  0.0767629 ]
[ 0.01102119 -0.0752367   0.10125271]
[ 0.01269206 -0.23177883 -0.02393415]
[ 0.01436879 -0.22938322 -0.02290161]
[ 0.01699367 -0.0770632   0.10006357]
[ 0.02315246 -0.21755755 -0.01759414]
[ 0.02543384 -0.08621717  0.09777349]
[ 0.02717923 -0.21183369 -0.01511856]
[ 0.02756462 -0.21132254 -0.01488677]
[ 0.03100909 -0.09228054  0.09622156]
[ 0.03501149 -0.0967927   0.09473134]
[ 0.03558514 -0.09749378  0.09451027]
[ 0.04655089 -0.18613655 -0.00341364]
[ 0.046589   -0.1860833  -0.00335566]
[ 0.04669504 -0.1823647  -0.00281798]
[ 0.04809759 -0.18387046 -0.00104901]
[ 0.04957629 -0.18166623  0.00156639]
[ 0.05023522 -0.11442658  0.09078327]
[ 0.05363004 -0.17437014  0.02134808]
[ 0.05657447 -0.1705427   0.03254235]
[ 0.05825782 -0.16863419  0.03833918]
[ 0.05879494 -0.12481159  0.08763476]
[ 0.05905115 -0.1251393   0.08753959]
[ 0.0617453  -0.12866029  0.08638505]
[ 0.06286726 -0.16290907  0.04596353]
[ 0.063883   -0.1397788   0.06839284]
[ 0.06396346 -0.13145153  0.08565539]
[ 0.06862053 -0.15589463  0.05535522]
[ 0.06881762 -0.15570545  0.05648673]
[ 0.06903557 -0.13799138  0.0836642 ]
[ 0.07015934 -0.14187762  0.08307002]
[ 0.07018576 -0.14201994  0.08300928]
[ 0.07052666 -0.15449291  0.06546521]
[ 0.07117788 -0.15382293  0.06929136]
[ 0.07149167 -0.15350583  0.07129236]
[ 0.07151871 -0.14972282  0.07946535]
[ 0.07190231 -0.15126539  0.07779974]
[ 0.07196505 -0.15094242  0.07875278]