[-0.29246071 -0.29782641  0.08317597]
[-0.29198185 -0.30215701  0.08276713]
[-0.29172697 -0.292502    0.08382789]
[-0.29130645 -0.29003141  0.08413943]
[-0.29114687 -0.28921383  0.08424482]
[-0.290593   -0.30533924  0.0806827 ]
[-0.29035687 -0.28701589  0.08456891]
[-0.28971944 -0.28257886  0.08688615]
[-0.28961471 -0.28219882  0.08711625]
[-0.28836193 -0.3095882   0.07799144]
[-0.2880378  -0.27618325  0.09070755]
[-0.28454033 -0.27014191  0.09552173]
[-0.28385019 -0.26903045  0.09643688]
[-0.28366174 -0.26883264  0.09664116]
[-0.28345082 -0.26862593  0.096796  ]
[-0.283389   -0.31091049  0.07027587]
[-0.28108024 -0.31139819  0.06704017]
[-0.28061841 -0.31163702  0.06642298]
[-0.27927091 -0.30470343  0.08392937]
[-0.27837828 -0.26495865  0.10039542]
[-0.27768231 -0.26444728  0.10089005]
[-0.27760756 -0.26438603  0.10094378]
[-0.2773851  -0.26431351  0.10109322]
[-0.27099854 -0.26198368  0.10540695]
[-0.2699001  -0.26193594  0.10611523]
[-0.26768486 -0.3162883   0.05429348]
[-0.26675074 -0.26154397  0.10744556]
[-0.26577218 -0.26831558  0.10815153]
[-0.26497545 -0.31722015  0.05186013]
[-0.26416025 -0.26048616  0.1085086 ]
[-0.26356672 -0.26146402  0.11185486]
[-0.26313282 -0.31779511  0.05035397]
[-0.26289281 -0.31787231  0.05015903]
[-0.26025647 -0.26014546  0.11329758]
[-0.25497963 -0.25765425  0.11577613]
[-0.25246566 -0.25604128  0.11715257]
[-0.24991389 -0.32126028  0.04155071]
[-0.24578933 -0.25150426  0.12092433]
[-0.24387179 -0.32242646  0.03855366]
[-0.24054602 -0.24781768  0.12394317]
[-0.23936212 -0.32329169  0.03631326]
[-0.23877392 -0.24687093  0.12482609]
[-0.23747981 -0.24634255  0.12539603]
[-0.23646846 -0.24584732  0.12566305]
[-0.2308495  -0.24190064  0.12741188]
[-0.22930573 -0.32522249  0.03131389]
[-0.2276009  -0.24294339  0.13373667]
[-0.22429053 -0.24449895  0.13843666]
[-0.22306156 -0.24502926  0.14034854]
[-0.22070021 -0.32687473  0.02703579]
[-0.21991256 -0.3140188   0.05870457]
[-0.21860867 -0.24485954  0.14420433]
[-0.21561025 -0.2553483   0.126794  ]
[-0.21486266 -0.32796766  0.02420243]
[-0.20449399 -0.24801219  0.14946253]
[-0.20157799 -0.24830847  0.1502261 ]
[-0.20089662 -0.24837337  0.15041464]
[-0.20041109 -0.24847297  0.15042445]
[-0.19438573 -0.33635106  0.01730846]
[-0.19059586 -0.33804708  0.01563381]
[-0.18987466 -0.33831722  0.01546038]
[-0.18744498 -0.34020612  0.01548434]
[-0.17820035 -0.3465176   0.01620532]
[-0.17650782 -0.25272079  0.15243809]
[-0.17632288 -0.252762    0.15243419]
[-0.17336712 -0.25364567  0.15250621]
[-0.16613965 -0.34092804  0.02708889]
[-0.16562691 -0.25580185  0.1532169 ]
[-0.16533708 -0.35095238  0.01461405]
[-0.163078   -0.25650798  0.15346387]
[-0.16146812 -0.26061004  0.1415302 ]
[-0.15415986 -0.25897861  0.15432795]
[-0.14702487 -0.35984193  0.0138862 ]
[-0.14171356 -0.3624245   0.01366963]
[-0.14081548 -0.36266504  0.01388632]
[-0.13945142 -0.26031576  0.15418702]
[-0.13466289 -0.36443977  0.01547893]
[-0.1279394  -0.26127451  0.15456893]
[-0.11804241 -0.36925199  0.01975654]
[-0.11715726 -0.26224555  0.15451707]
[-0.11711778 -0.29019214  0.07859083]
[-0.11524453 -0.26213044  0.15435391]
[-0.11303126 -0.37020669  0.02172556]
[-0.10773036 -0.3693769   0.02191912]
[-0.10530528 -0.2616629   0.15322454]
[-0.10293993 -0.26548473  0.15505282]
[-0.10164489 -0.26546104  0.1442503 ]
[-0.1007471  -0.36119627  0.04209163]
[-0.09963212 -0.36767077  0.02344699]
[-0.09839088 -0.27258115  0.15715356]
[-0.09551497 -0.36673254  0.02442282]
[-0.09548541 -0.27546511  0.15782829]
[-0.09544597 -0.27550451  0.15783825]
[-0.09523534 -0.27569358  0.15782469]
[-0.09025524 -0.37212524  0.03304338]
[-0.08942848 -0.37296899  0.03499686]
[-0.08874293 -0.37291519  0.03571012]
[-0.08842417 -0.28183154  0.15746167]
[-0.08528139 -0.28716838  0.15802936]
[-0.08396829 -0.28938489  0.1582902 ]
[-0.08373855 -0.28978273  0.15831796]
[-0.07962908 -0.37249205  0.04475693]
[-0.07654422 -0.30324382  0.1574026 ]
[-0.0740437  -0.37052082  0.04834817]
[-0.07271501 -0.31012105  0.15742716]
[-0.07270836 -0.3696332   0.0494491 ]
[-0.07030466 -0.31451217  0.15733196]
[-0.06995029 -0.31485405  0.15722961]
[-0.06977289 -0.36670353  0.05243876]
[-0.06882913 -0.34668885  0.10477923]
[-0.06609218 -0.36348375  0.05592335]
[-0.06336938 -0.31982162  0.15767038]
[-0.0583423  -0.32473666  0.15610803]
[-0.05605219 -0.32664401  0.15595858]
[-0.05356268 -0.35978203  0.07453927]
[-0.05339838 -0.32743294  0.15462963]
[-0.05335593 -0.35969899  0.07491245]
[-0.05273769 -0.35937797  0.07624699]
[-0.05014753 -0.358233    0.08123699]
[-0.04802223 -0.33118027  0.15058319]
[-0.04621679 -0.33232723  0.14929455]
[-0.04568558 -0.33263187  0.1488863 ]
[-0.0454566  -0.34316016  0.14223001]
[-0.04505716 -0.35819008  0.09205217]
[-0.0446539  -0.33390783  0.1476669 ]
[-0.04414109 -0.35795196  0.09524352]
[-0.04243335 -0.35745352  0.10116526]
[-0.04128136 -0.35719104  0.10477994]
[-0.04098633 -0.35678289  0.10746201]
[-0.04078224 -0.33917235  0.14279401]
[-0.04068801 -0.33966315  0.14244937]
[-0.04061313 -0.35661128  0.10907901]
[-0.03970696 -0.34218708  0.1374836 ]
[-0.03951917 -0.34268435  0.13651123]
[-0.03907074 -0.35495824  0.11564725]
[-0.03899042 -0.34588622  0.13477878]
[-0.03883161 -0.3488672   0.1334971 ]
[-0.03865948 -0.35306345  0.12159301]
[-0.03807955 -0.351555    0.1266211 ]