[-0.18940377 -0.09010875  0.0582268 ]
[-0.18924892 -0.08887045  0.05431895]
[-0.18917891 -0.0886547   0.0535442 ]
[-0.18853102 -0.09025241  0.06917041]
[-0.18847547 -0.09041971  0.07059904]
[-0.1884006  -0.08689357  0.04676903]
[-0.18827034 -0.09101563  0.07562534]
[-0.18756131 -0.08500092  0.03843707]
[-0.18749113 -0.09180299  0.07791441]
[-0.18684618 -0.08311051  0.030431  ]
[-0.18621575 -0.08151521  0.02630354]
[-0.18538645 -0.09414414  0.08653856]
[-0.18417688 -0.09520097  0.08820956]
[-0.18066913 -0.09469312  0.05239061]
[-0.17937115 -0.06696406 -0.01215879]
[-0.1785598  -0.09475281  0.09338352]
[-0.17852959 -0.09475039  0.09341056]
[-0.17850554 -0.09474841  0.09342222]
[-0.17847971 -0.09474626  0.09343052]
[-0.1781941  -0.06439634 -0.018923  ]
[-0.17481524 -0.05677746 -0.03340243]
[-0.17005229 -0.09405021  0.09714008]
[-0.16877696 -0.04240742 -0.0442555 ]
[-0.16704595 -0.06445425 -0.02709108]
[-0.16636523 -0.03638316 -0.04292022]
[-0.16495183 -0.09588196  0.09983313]
[-0.16482595 -0.03274453 -0.04211644]
[-0.16405297 -0.03101232 -0.04434025]
[-0.16176211 -0.02584795 -0.05095901]
[-0.16097187 -0.02404864 -0.05271733]
[-0.1555491  -0.09951148  0.10257789]
[-0.15262538 -0.04113203 -0.04448959]
[-0.15117233 -0.00099558 -0.07507164]
[-0.1478388   0.00681453 -0.08029325]
[-0.14734776  0.0078906  -0.0810331 ]
[-0.14309618  0.01741559 -0.08189636]
[-0.1416767  -0.10507108  0.10482874]
[-0.14110172  0.00215588 -0.08279157]
[-0.1400437   0.02433739 -0.0802994 ]
[-0.13718365  0.03048226 -0.07883649]
[-0.13644018 -0.10718958  0.10550377]
[-0.13378259  0.03938167 -0.07694082]
[-0.13200086 -0.10902195  0.10575638]
[-0.13021515 -0.10974734  0.10596056]
[-0.12581787 -0.11049874  0.10637709]
[-0.1252041   0.05891585 -0.07244484]
[-0.12503376 -0.112106    0.10432269]
[-0.1244379  -0.11333548  0.10672456]
[-0.1203483  -0.11313342  0.10703687]
[-0.11974373  0.07128329 -0.0670666 ]
[-0.11640956  0.07892165 -0.06706493]
[-0.11495616  0.08236145 -0.06706993]
[-0.11284965  0.0873566  -0.06735547]
[-0.11164292 -0.11654503  0.10802183]
[-0.10766713 -0.08906602  0.0419508 ]
[-0.10273989  0.0675501  -0.06483818]
[-0.10150643  0.11179538 -0.06867471]
[-0.09286029  0.12999491 -0.06964222]
[-0.0925986   0.13049535 -0.06913794]
[-0.09238121  0.1309843  -0.06949423]
[-0.09224317  0.13126683 -0.06942466]
[-0.09207487  0.13158091 -0.06901826]
[-0.09201484  0.13080393 -0.06965064]
[-0.089475    0.13644379 -0.06285456]
[-0.08603539 -0.12770061  0.10789456]
[-0.0772104   0.15475083 -0.03781421]
[-0.07682642 -0.13143727  0.10859166]
[-0.07602972  0.15682829 -0.03512914]
[-0.07488681 -0.13227104  0.10861227]
[-0.07239565  0.16326851 -0.02956779]
[-0.06779225  0.15508147 -0.03054444]
[-0.06751675  0.17202268 -0.02845106]
[-0.06447878  0.17777592 -0.02771839]
[-0.06436333  0.17799348 -0.02771635]
[-0.06132856  0.18247984 -0.02787007]
[-0.05701899 -0.05793924 -0.06378165]
[-0.05531808 -0.13926381  0.10869265]
[-0.05454292 -0.14968157  0.08542852]
[-0.05304119 -0.14008237  0.10869072]
[-0.04969172  0.2003337  -0.02835   ]
[-0.0421736  -0.14985723  0.10924011]
[-0.04146702  0.21368385 -0.02856617]
[-0.04007968 -0.1519212   0.10896356]
[-0.03976068  0.2170735  -0.03122736]
[-0.03733838  0.09112622 -0.07195456]
[-0.03577575 -0.15610376  0.10852176]
[-0.03573508 -0.15614097  0.10852249]
[-0.03560816 -0.15614545  0.10849805]
[-0.03412054  0.2278913  -0.03981663]
[-0.03354708  0.22867881 -0.03931515]
[-0.02124786  0.24381379 -0.02942144]
[-0.01983125  0.24534145 -0.02838775]
[-0.00764514  0.26067733 -0.03014045]
[-0.00680754  0.26181609 -0.03024685]
[-0.00484899  0.264438   -0.03050242]
[ 0.00275894  0.27593307 -0.03127735]
[ 0.00304351 -0.14470119  0.03478646]
[ 0.00655141  0.2816233  -0.03119901]
[ 0.00659714  0.20032706 -0.04520141]
[ 0.01080956 -0.15818957  0.10142059]
[ 0.01127974 -0.15807693  0.10134174]
[ 0.01245496  0.29133917 -0.03082969]
[ 0.01441186  0.29542214 -0.03937604]
[ 0.01469044  0.29707558 -0.04234194]
[ 0.0149719   0.29763386 -0.04253092]
[ 0.01639893  0.02950352 -0.248714  ]
[ 0.0165303   0.03254828 -0.24934639]
[ 0.01655431  0.06308356 -0.26060124]
[ 0.01657393  0.04242567 -0.25285084]
[ 0.01842965  0.01064792 -0.24422001]
[ 0.01852644  0.07409759 -0.26458196]
[ 0.02013362  0.07432455 -0.25118361]
[ 0.02101058  0.01132163 -0.2244428 ]
[ 0.02115662 -0.1558791   0.09907645]
[ 0.02191317  0.31040342 -0.04681363]
[ 0.02270345  0.07746979 -0.26552769]
[ 0.02340881 -0.0025216  -0.24035795]
[ 0.02381085 -0.00368413 -0.24028107]
[ 0.02394324  0.31511359 -0.05080479]
[ 0.02414811 -0.15530615  0.09805492]
[ 0.02422459 -0.15708279  0.09154884]
[ 0.02561067  0.11590292 -0.15274816]
[ 0.02641047  0.28733009 -0.03773264]
[ 0.02667859  0.32117286 -0.05602886]
[ 0.03043646 -0.16291319  0.09595016]
[ 0.03072531 -0.163085    0.09585263]
[ 0.03180055  0.33228041 -0.06568341]
[ 0.03413885  0.3373138  -0.07007091]
[ 0.03510356  0.33953312 -0.07233452]
[ 0.03811566 -0.16753052  0.09350855]
[ 0.03875364  0.34515336 -0.07895003]
[ 0.03943695  0.09184754 -0.28047992]
[ 0.04240709 -0.00780877 -0.2371738 ]
[ 0.04267388  0.35114476 -0.08566929]
[ 0.04403436 -0.17093905  0.09116948]
[ 0.04417408 -0.00936628 -0.23686802]
[ 0.04462044  0.09629173 -0.28498863]
[ 0.04467957  0.35408629 -0.08804148]
[ 0.04486067  0.33688722 -0.0776159 ]
[ 0.04506199  0.35464094 -0.08849   ]
[ 0.04507986  0.35466047 -0.08850707]
[ 0.04510248  0.35468498 -0.08852854]
[ 0.04629579 -0.00018191 -0.11494954]
[ 0.04653511 -0.17289198  0.0901868 ]
[ 0.04999636 -0.17579563  0.08790619]
[ 0.0503656  -0.18134053  0.05324951]
[ 0.0507221   0.16991391 -0.23321817]
[ 0.05079284 -0.17660759  0.08672167]
[ 0.05089793  0.09854362 -0.28751623]
[ 0.05151536  0.36270132 -0.09526722]
[ 0.0516293  -0.18133807  0.06558236]
[ 0.05181673 -0.18122085  0.06882186]
[ 0.05220967 -0.18078291  0.0720847 ]
[ 0.052574   -0.17863748  0.08309035]
[ 0.05297542 -0.17979177  0.07907493]
[ 0.05304045 -0.18000931  0.07828428]
[ 0.05412652 -0.17461232  0.04550063]
[ 0.05416614  0.36454561 -0.09715756]
[ 0.05482931  0.09988898 -0.28916391]
[ 0.05557236  0.36564449 -0.09823378]
[ 0.05631774  0.10023005 -0.289623  ]
[ 0.05825782 -0.16863419  0.03833918]
[ 0.05881007 -0.02214825 -0.22711542]
[ 0.0591203   0.10771415 -0.28462499]
[ 0.05995788  0.37081581 -0.0982159 ]
[ 0.06237239  0.37277661 -0.09821323]
[ 0.06264263 -0.16215955  0.02859506]
[ 0.06381652 -0.16050574  0.02608163]
[ 0.06406     0.10359617 -0.29064689]
[ 0.0650215  -0.15913844  0.02389706]
[ 0.06654429 -0.02672109 -0.22224302]
[ 0.06661625  0.37590037 -0.09821117]
[ 0.06800006 -0.14752179  0.00863652]
[ 0.06830595  0.10817933 -0.29357799]
[ 0.0692497  -0.02733286 -0.22066602]
[ 0.06943646 -0.15380789  0.01550886]
[ 0.07097929 -0.15214248  0.01041263]
[ 0.07138233  0.11016625 -0.29454702]
[ 0.07402954 -0.10202695 -0.00656094]
[ 0.07534767 -0.14697453  0.00094633]
[ 0.07548433 -0.14681824  0.00065562]
[ 0.07580046  0.37975299 -0.09823025]
[ 0.07651988  0.38007486 -0.09823158]
[ 0.0769142   0.38021471 -0.09823261]
[ 0.07924609  0.38043214 -0.09824362]
[ 0.08041829 -0.02999403 -0.21527202]
[ 0.08087241 -0.02771518 -0.19540878]
[ 0.0853779  -0.03363206 -0.21233676]
[ 0.0873243   0.38122743 -0.09828141]
[ 0.08777306 -0.13170143 -0.01517323]
[ 0.08788257 -0.07457959 -0.15691565]
[ 0.09104657 -0.12814395 -0.01929815]
[ 0.09105707 -0.03752165 -0.20690311]
[ 0.09241946 -0.03801137 -0.20571428]
[ 0.0924888   0.38118875 -0.09926569]
[ 0.09677852  0.38056429 -0.10002881]
[ 0.09894453  0.08956833 -0.01703496]
[ 0.09899691  0.12800144 -0.30324534]
[ 0.09958666 -0.11699032 -0.02062566]
[ 0.10170099 -0.04100984 -0.19649466]
[ 0.10339722 -0.04556666 -0.19339837]
[ 0.10407499 -0.11043905 -0.02117944]
[ 0.10638248  0.1325044  -0.30586775]
[ 0.10662219 -0.06280438 -0.05900241]
[ 0.10872795  0.13444235 -0.30613762]
[ 0.10890937  0.34112522 -0.09872449]
[ 0.10919725 -0.05631012 -0.18724597]
[ 0.1114035  -0.06148268 -0.18391024]
[ 0.11146112  0.1363901  -0.30626009]
[ 0.1150254  -0.06819182 -0.17881783]
[ 0.11546476  0.3759926  -0.10318282]
[ 0.11638472 -0.09553824 -0.04105163]
[ 0.11655456 -0.09528566 -0.04104464]
[ 0.11669913  0.28276731 -0.00752103]
[ 0.11680488 -0.09545348 -0.16706902]
[ 0.11688933 -0.08851287 -0.16890736]
[ 0.11717743 -0.08025544 -0.17119534]
[ 0.11770468 -0.0956245  -0.16530825]
[ 0.1178956  -0.07500365 -0.17319752]
[ 0.1179422  -0.07532848 -0.17287918]
[ 0.1182488   0.14079372 -0.30687593]
[ 0.11861341 -0.09564175 -0.16285515]
[ 0.11982225  0.37525653 -0.10339044]
[ 0.12148122  0.37489063 -0.10345961]
[ 0.12187397 -0.08743172 -0.04080475]
[ 0.12270209 -0.09453041 -0.1466565 ]
[ 0.12311074 -0.09442991 -0.14508344]
[ 0.12346372 -0.0939841  -0.14216621]
[ 0.12348221 -0.0939586  -0.14200412]
[ 0.12387572  0.14284189 -0.30853861]
[ 0.12421492  0.37401696 -0.1035424 ]
[ 0.12431128 -0.09259387 -0.13696908]
[ 0.12494981 -0.08219608 -0.04092389]
[ 0.12756173 -0.08723314 -0.1172025 ]
[ 0.12758327 -0.08721378 -0.11711322]
[ 0.12760288 -0.0871748  -0.11697684]
[ 0.12764956 -0.0870573  -0.11658839]
[ 0.12947166 -0.08089936 -0.08466241]
[ 0.13111768 -0.07227858 -0.04094687]
[ 0.13369997  0.16482301 -0.2982078 ]
[ 0.13670212 -0.06724318 -0.07294523]
[ 0.13679964 -0.06704822 -0.07267241]
[ 0.13709505  0.1829006  -0.19692152]
[ 0.14013051 -0.05969186 -0.06229451]
[ 0.14029805  0.36853552 -0.10399008]
[ 0.14052647 -0.01301373 -0.01729783]
[ 0.14063957 -0.05689977 -0.04021843]
[ 0.14232654 -0.05565949 -0.0566945 ]
[ 0.142985   -0.05451339 -0.05571999]
[ 0.14380887 -0.05150784 -0.04006612]
[ 0.14465355  0.36809167 -0.10246719]
[ 0.14612784  0.14256022 -0.31062863]
[ 0.1482062   0.14070195 -0.30984348]
[ 0.1497111  -0.04200542 -0.0450298 ]
[ 0.15340254 -0.03379071 -0.02601988]
[ 0.15389976 -0.0341974  -0.03835532]
[ 0.1552475  -0.03037527 -0.02331354]
[ 0.15580482  0.36623966 -0.09818847]
[ 0.1631689   0.13158086 -0.29765679]
[ 0.16391302  0.16401437 -0.10409203]
[0.1671909  0.17100011 0.03498137]
[ 0.16809522  0.36360399 -0.09315724]
[ 0.1685438   0.23849941 -0.25210345]
[ 0.17156278  0.12521602 -0.28938323]
[ 0.17259359  0.19461332 -0.32861651]
[ 0.17265309  0.19508211 -0.32884352]
[ 0.17284669  0.25016826 -0.27606615]
[ 0.17394477  0.18233401 -0.32435746]
[ 0.17557498  0.1744926  -0.32208265]
[ 0.17573303  0.16629415 -0.32218907]
[ 0.1763752   0.2020668  -0.32702133]
[ 0.17696279  0.12109586 -0.2841273 ]
[ 0.17706104  0.24006849 -0.29121385]
[ 0.17707223  0.36401379 -0.0858053 ]
[ 0.17763325  0.25434837 -0.26759705]
[ 0.17822839  0.34815413 -0.08196468]
[ 0.17945384  0.2321382  -0.29896551]
[ 0.17957647  0.23177232 -0.29937845]
[ 0.17977974  0.15744946 -0.32198518]
[ 0.18086055  0.2572128  -0.26207057]
[ 0.18206531  0.27256305 -0.13476061]
[ 0.18206781  0.25820487 -0.25968616]
[ 0.18262505  0.13563    -0.30019176]
[ 0.18326603  0.21871281 -0.31418503]
[ 0.18390654  0.11995334 -0.28212409]
[ 0.18415925  0.15314513 -0.32012276]
[ 0.18419071  0.21452641 -0.31735123]
[ 0.18431837  0.11562469 -0.27659902]
[ 0.18442515  0.194714   -0.30697277]
[ 0.18469612  0.21255141 -0.31926854]
[ 0.18637221  0.15113028 -0.3175537 ]
[ 0.18660952  0.1521085  -0.3186533 ]
[ 0.18702434  0.12126699 -0.25381118]
[ 0.18739443  0.2619833  -0.25029184]
[ 0.18856634  0.36059778 -0.08259787]
[ 0.18948355  0.36032008 -0.08234077]
[ 0.19110029  0.35945718 -0.08249274]
[ 0.19135313  0.35930585 -0.08251712]
[ 0.19221609  0.26545417 -0.24194555]
[ 0.19849235  0.35512557 -0.0832021 ]
[ 0.20391363  0.26932382 -0.22992219]
[ 0.21050756  0.2606327  -0.05345498]
[ 0.21187671  0.27077423 -0.2208599 ]
[ 0.21616562  0.24953746 -0.19966016]
[ 0.21681269  0.29635727 -0.16775223]
[ 0.21867123  0.29232747 -0.17323531]
[ 0.21942596  0.29884007 -0.16141854]
[ 0.22126748  0.2713936  -0.21229396]
[ 0.22348213  0.3462659  -0.07596392]
[ 0.22414047  0.28267229 -0.18782539]
[ 0.22565839  0.31902526 -0.11212522]
[ 0.22590459  0.30504501 -0.14508352]
[ 0.22689096  0.27172562 -0.20713318]
[ 0.22891714  0.3192325  -0.11629948]
[ 0.22895778  0.30804232 -0.13645592]
[ 0.23094905  0.31945999 -0.11374779]
[ 0.23134624  0.32127395 -0.11016326]
[ 0.23208199  0.27722497 -0.19216404]
[ 0.23210058  0.31958773 -0.11236366]
[ 0.23247694  0.34253894 -0.07308851]
[ 0.23412819  0.27007583 -0.20457339]
[ 0.24255715  0.32140375 -0.06135217]
[ 0.24486116  0.26616547 -0.20010772]
[ 0.24697891  0.33728148 -0.06720338]
[ 0.25100201  0.32685988 -0.08055883]
[ 0.25622469  0.32785853 -0.07354517]
[ 0.25693087  0.32717462 -0.0740345 ]
[ 0.25693153  0.32349061 -0.08050123]
[ 0.26125147  0.322451   -0.07695377]
[ 0.26398391  0.31902484 -0.07957038]
[ 0.26496074  0.31841777 -0.07946305]