[-0.21110918 -0.0800311  -0.36778434]
[-0.21105275 -0.0786414  -0.36829042]
[-0.21102265 -0.07015079 -0.37131482]
[-0.21101784 -0.06995518 -0.37136245]
[-0.21056102 -0.08200565 -0.36720025]
[-0.21016801 -0.0671269  -0.3721968 ]
[-0.20805546 -0.06357922 -0.37343883]
[-0.20697778 -0.08956005 -0.36528481]
[-0.2041962  -0.05942483 -0.37515202]
[-0.2031028  -0.09501896 -0.36417687]
[-0.20105631 -0.09726291 -0.36381889]
[-0.19917851 -0.0558269  -0.37694862]
[-0.19795604 -0.05471536 -0.37744246]
[-0.19672583 -0.0536595  -0.37734873]
[-0.19472638 -0.10343898 -0.3607489 ]
[-0.19424366 -0.10393707 -0.36049993]
[-0.19416988 -0.05268873 -0.37713999]
[-0.19387515 -0.1041931  -0.36037792]
[-0.18306559 -0.04831946 -0.37623482]
[-0.18250571 -0.11215692 -0.35657827]
[-0.18049323 -0.0824307  -0.21270437]
[-0.18011596 -0.07761292 -0.21435181]
[-0.17954027 -0.07022458 -0.21728985]
[-0.17902969 -0.0669569  -0.21847691]
[-0.17868928 -0.11568683 -0.35734935]
[-0.17857618 -0.07795986 -0.37550904]
[-0.17823652 -0.0940286  -0.20757912]
[-0.17794765 -0.10019813 -0.20518665]
[-0.17692131 -0.05734434 -0.22170271]
[-0.17687524 -0.04765723 -0.37570989]
[-0.17603787 -0.05348637 -0.22233198]
[-0.17567048 -0.10697307 -0.20184147]
[-0.17481654 -0.10928336 -0.20067239]
[-0.17054168 -0.11880995 -0.19919391]
[-0.16993242 -0.04153844 -0.22319913]
[-0.1698208  -0.12028071 -0.19923577]
[-0.16747459 -0.0470427  -0.37776556]
[-0.16491227 -0.04675059 -0.37832517]
[-0.16420804 -0.0303057  -0.2242065 ]
[-0.16379523 -0.12917473 -0.19833654]
[-0.1637226  -0.02914355 -0.22434513]
[-0.16340607 -0.04688853 -0.37865587]
[-0.16296696 -0.02778807 -0.2244458 ]
[-0.16246433 -0.1174676  -0.19311431]
[-0.16210614 -0.02661197 -0.22446707]
[-0.1600854  -0.13271213 -0.20330177]
[-0.15982509 -0.12669612 -0.36424751]
[-0.15689307 -0.12793181 -0.36554761]
[-0.15546496 -0.13556723 -0.20864888]
[-0.15406006 -0.01614941 -0.22805809]
[-0.15310186 -0.0485069  -0.38092211]
[-0.15301835 -0.12508956 -0.36941121]
[-0.15101058 -0.04888104 -0.38158535]
[-0.15001138 -0.13935317 -0.21401407]
[-0.14958307 -0.01026755 -0.23008293]
[-0.14863182 -0.0402552  -0.21666508]
[-0.14660993 -0.11937599 -0.37162066]
[-0.14644185 -0.00632453 -0.233458  ]
[-0.1441171  -0.00464218 -0.23538353]
[-0.142804   -0.11604084 -0.37292045]
[-0.14075341 -0.14314687 -0.22140193]
[-0.14010378 -0.05037944 -0.38500891]
[-0.13764105 -0.05075911 -0.38578518]
[-0.13582271 -0.1097584  -0.3753398 ]
[-0.13459739 -0.1087632  -0.37574152]
[-0.13392343  0.00435029 -0.24457488]
[-0.13387172 -0.0531503  -0.38711519]
[-0.13329392  0.00451234 -0.24496037]
[-0.13257876 -0.10700737 -0.37704102]
[-0.12880826 -0.14711648 -0.23032982]
[-0.12784569 -0.10312975 -0.37999066]
[-0.1272567  -0.10261472 -0.38037093]
[-0.1268659  -0.07656926 -0.39107459]
[-0.12527856 -0.09823484 -0.38272564]
[-0.12455283 -0.05929325 -0.39263969]
[-0.12370667 -0.09423805 -0.38480674]
[-0.12366354 -0.05985123 -0.39316718]
[-0.12255652 -0.06048368 -0.39382445]
[-0.12160714 -0.08071794 -0.38627435]
[-0.12158529 -0.08059428 -0.38629237]
[-0.12006001 -0.0620573  -0.3953052 ]
[-0.11992199 -0.07300222 -0.38717294]
[-0.11980767  0.00636449 -0.25601734]
[-0.11941997 -0.06240365 -0.39445192]
[-0.11930892 -0.06913453 -0.38942622]
[-0.1192154  -0.07115977 -0.38785771]
[-0.11863472  0.00653521 -0.25698743]
[-0.11806442 -0.14939233 -0.24132677]
[-0.11749519  0.00610002 -0.25740437]
[-0.11613759 -0.14974047 -0.24323333]
[-0.11551035 -0.14981324 -0.2438096 ]
[-0.11548104 -0.14982068 -0.24382771]
[-0.11545789  0.00544183 -0.25825457]
[-0.11045339 -0.15202682 -0.2477427 ]
[-0.10782169 -0.15298253 -0.24961885]
[-0.1068831  -0.00875826 -0.25183945]
[-0.10642738 -0.13384641 -0.23353133]
[-0.10440948 -0.00324571 -0.26751891]
[-0.10424252 -0.00339089 -0.26767154]
[-0.10250235 -0.15096547 -0.24997708]
[-0.10077119 -0.14360365 -0.25243266]
[-0.09862071 -0.13465297 -0.25554556]
[-0.09767426 -0.1308376  -0.25695545]
[-0.09542299 -0.12812671 -0.25792583]
[-0.09304345 -0.01703569 -0.27106857]
[-0.09096364 -0.1227117  -0.25972992]
[-0.08992761 -0.12145159 -0.2601437 ]
[-0.08613907 -0.0241918  -0.27536224]
[-0.08571985 -0.1154486  -0.26213332]
[-0.08446829 -0.02661654 -0.27518776]
[-0.08047854 -0.03233302 -0.27473832]
[-0.07937156 -0.03394327 -0.27456975]
[-0.07923034 -0.10607315 -0.26500403]
[-0.07686223 -0.1025258  -0.26583868]
[-0.07264626 -0.09610821 -0.26715219]
[-0.07081394 -0.09334739 -0.26777088]
[-0.07067949 -0.04087328 -0.27073568]
[-0.06728424 -0.04259834 -0.27005327]
[-0.06646025 -0.08406323 -0.26988617]
[-0.0637978  -0.06980022 -0.24823869]
[-0.0636797  -0.07804364 -0.2709963 ]
[-0.06119722 -0.07270874 -0.27209271]
[-0.06077308 -0.04580878 -0.26882575]
[-0.0597956  -0.06970725 -0.27274015]
[-0.05879058 -0.05028332 -0.26939487]
[-0.05843556 -0.06740824 -0.27323202]
[-0.05515675 -0.05859238 -0.27036931]
[-0.05466198 -0.05982541 -0.27043691]