[-0.26018439 -0.27483187  0.04118771]
[-0.2601071  -0.27208702  0.04188251]
[-0.26001623 -0.28350847  0.0384275 ]
[-0.25996114 -0.28703259  0.03729639]
[-0.25912316 -0.29094791  0.03662914]
[-0.25852937 -0.26448979  0.04504837]
[-0.25736252 -0.25888758  0.04738601]
[-0.25729855 -0.29839986  0.03553349]
[-0.25712845 -0.29916617  0.03543879]
[-0.25427664 -0.2523534   0.0516844 ]
[-0.25272477 -0.30958356  0.035699  ]
[-0.25244749 -0.31016374  0.03573719]
[-0.25204803 -0.31079539  0.03585098]
[-0.2518276  -0.24687325  0.05580741]
[-0.25172554 -0.24660056  0.05599498]
[-0.25152661 -0.2462216   0.05630634]
[-0.2482034  -0.24142992  0.0609603 ]
[-0.24721334 -0.23996445  0.06978356]
[-0.24639715 -0.23878277  0.07187483]
[-0.24387179 -0.32242646  0.03855366]
[-0.24323662 -0.25031006  0.06220964]
[-0.24295325 -0.23591416  0.07836314]
[-0.24214273 -0.23541084  0.08095611]
[-0.24140709 -0.23488616  0.08338229]
[-0.24067626 -0.23482996  0.08529397]
[-0.23543275 -0.23200607  0.10160532]
[-0.23276431 -0.34924057  0.04962914]
[-0.23214038 -0.34142195  0.04398246]
[-0.23173877 -0.33638944  0.04034794]
[-0.23095832 -0.23272408  0.11217061]
[-0.23014078 -0.35535526  0.05209811]
[-0.23004707 -0.23269347  0.11451191]
[-0.22750438 -0.23138916  0.11818776]
[-0.22386306 -0.23158458  0.12286235]
[-0.22318745 -0.37721338  0.0589036 ]
[-0.22293094 -0.37777395  0.05902314]
[-0.22056928 -0.23142619  0.12718652]
[-0.21991256 -0.3140188   0.05870457]
[-0.21780733 -0.38871341  0.0614673 ]
[-0.21607108 -0.23276163  0.13264855]
[-0.21561025 -0.2553483   0.126794  ]
[-0.21471818 -0.23200329  0.13318621]
[-0.21438482 -0.38857399  0.05889498]
[-0.2120601  -0.38852688  0.05698267]
[-0.21059582 -0.38834004  0.0563234 ]
[-0.20843994 -0.38341716  0.0714774 ]
[-0.20827873 -0.38810508  0.05506959]
[-0.20813888 -0.22994254  0.13537085]
[-0.20351084 -0.38423253  0.0504444 ]
[-0.20206969 -0.22974725  0.13693532]
[-0.19957618 -0.38104448  0.04660144]
[-0.19270371 -0.22972624  0.13927551]
[-0.19222122 -0.22988705  0.13935328]
[-0.18322649 -0.36488292  0.02882188]
[-0.18114615 -0.2343825   0.14160412]
[-0.17734354 -0.3587361   0.02321517]
[-0.16834512 -0.23980477  0.14415522]
[-0.16756857 -0.24014514  0.14430742]
[-0.16613965 -0.34092804  0.02708889]
[-0.16533708 -0.35095238  0.01461405]
[-0.16455663 -0.24678506  0.1479929 ]
[-0.16305437 -0.25011466  0.14980509]
[-0.16146812 -0.26061004  0.1415302 ]
[-0.15870706 -0.26801871  0.15986242]
[-0.1571222  -0.2790668   0.16620347]
[-0.15622716 -0.26305453  0.15678692]
[-0.15614218 -0.32119601  0.14840343]
[-0.15581698 -0.31285212  0.18526116]
[-0.15542187 -0.29622053  0.17492371]
[-0.1553286  -0.29234408  0.17290333]
[-0.15415986 -0.25897861  0.15432795]
[-0.14702487 -0.35984193  0.0138862 ]
[-0.14466032 -0.30571705  0.17872808]
[-0.14417618 -0.30539314  0.17850962]
[-0.14171356 -0.3624245   0.01366963]
[-0.14081548 -0.36266504  0.01388632]
[-0.13829877 -0.29662288  0.17334818]
[-0.13550877 -0.29246997  0.17110212]
[-0.13466289 -0.36443977  0.01547893]
[-0.11804241 -0.36925199  0.01975654]
[-0.11711778 -0.29019214  0.07859083]
[-0.11709212 -0.27609625  0.16186344]
[-0.11569447 -0.27489185  0.16104066]
[-0.11454195 -0.27388189  0.16041566]
[-0.11303126 -0.37020669  0.02172556]
[-0.11027668 -0.27012241  0.15817204]
[-0.1102567  -0.27008549  0.15815372]
[-0.10773036 -0.3693769   0.02191912]
[-0.10530528 -0.2616629   0.15322454]
[-0.10164489 -0.26546104  0.1442503 ]
[-0.1007471  -0.36119627  0.04209163]
[-0.09996343 -0.26361311  0.15379136]
[-0.09963212 -0.36767077  0.02344699]
[-0.09551497 -0.36673254  0.02442282]
[-0.09125733 -0.26705593  0.15370965]
[-0.09047021 -0.26725757  0.15365791]
[-0.0891178  -0.36346964  0.02391963]
[-0.085798   -0.36117414  0.02492514]
[-0.08074672 -0.36147107  0.03101491]
[-0.08019996 -0.27005583  0.15139147]
[-0.07812047 -0.36161902  0.03392973]
[-0.07763933 -0.27075798  0.15078378]
[-0.07597178 -0.35962524  0.03390181]
[-0.07429632 -0.27179167  0.15002474]
[-0.06996668 -0.35169194  0.03469113]
[-0.06817371 -0.27384922  0.14770787]
[-0.06019104 -0.34134655  0.03503228]
[-0.05733304 -0.27739127  0.14417516]
[-0.05322244 -0.33137754  0.03622847]
[-0.05084567 -0.31606818  0.04101126]
[-0.04855897 -0.3268417   0.04252628]
[-0.04805299 -0.2806846   0.13967861]
[-0.04395692 -0.32019752  0.04316007]
[-0.0436649  -0.28223696  0.13757999]
[-0.04189911 -0.31729232  0.04344909]
[-0.03997155 -0.28540812  0.13597053]
[-0.03794558 -0.31403081  0.05033985]
[-0.03670677 -0.28911969  0.10932797]
[-0.03512122 -0.28961934  0.13256133]
[-0.03401631 -0.3112131   0.05834553]
[-0.0335802  -0.31090295  0.05922801]
[-0.03348843 -0.31085133  0.05938164]
[-0.03340358 -0.31079151  0.0595521 ]
[-0.03123045 -0.30898578  0.06456115]
[-0.03064599 -0.29350607  0.12938316]
[-0.03041002 -0.29362189  0.12921969]
[-0.02536644 -0.29596168  0.12338973]
[-0.02504103 -0.29611095  0.1229846 ]
[-0.02383195 -0.3028759   0.08152578]
[-0.02355183 -0.30248681  0.0825389 ]
[-0.02213793 -0.30033617  0.08809144]
[-0.0216566  -0.29748115  0.11563765]
[-0.02132949 -0.29751962  0.11331273]
[-0.0189945  -0.29551115  0.10370235]
[-0.01886303 -0.29543875  0.10328781]
[-0.0185809  -0.29488496  0.10115883]
[-0.01837256 -0.29445733  0.09952857]