[-0.10512202  0.10233432 -0.14492936]
[-0.10510713  0.09721223  0.0106691 ]
[-0.10506386  0.102967   -0.14242645]
[-0.10451766  0.09730381  0.02091496]
[-0.10399441  0.09268545 -0.17271895]
[-0.1039616   0.09748058  0.03257407]
[-0.10370211  0.0978898   0.03395305]
[-0.10368195  0.10757503 -0.13724989]
[-0.10365327  0.09945489 -0.15689809]
[-0.10358696  0.10788062 -0.13695216]
[-0.10353962  0.09861936 -0.15875318]
[-0.10351957  0.08756255 -0.1842322 ]
[-0.1028965   0.11095766 -0.1145358 ]
[-0.10229894  0.10438679 -0.00129268]
[-0.10228587  0.09937146  0.0393181 ]
[-0.10225676  0.08463136 -0.1901985 ]
[-0.10208918  0.11339657 -0.1087182 ]
[-0.10194618  0.1056655  -0.00619966]
[-0.10124406  0.11436645 -0.13048697]
[-0.10045937  0.10108024  0.04565633]
[-0.10026658  0.11746607 -0.09928181]
[-0.09982892  0.08173507 -0.19893267]
[-0.09974257  0.11287867 -0.04014332]
[-0.09963205  0.11296676 -0.03766529]
[-0.09952004  0.11303424 -0.03559492]
[-0.09840661  0.07949091 -0.20623685]
[-0.09827694  0.11629408 -0.04576545]
[-0.09783418  0.12152218 -0.09022699]
[-0.0974107   0.11220718 -0.03906551]
[-0.09721796  0.11903986 -0.05028405]
[-0.09690894  0.07799096 -0.21047913]
[-0.09643901  0.0777054  -0.21163823]
[-0.09503973  0.10653119  0.0655575 ]
[-0.09453258  0.10655643  0.06911079]
[-0.09265814  0.13046652 -0.07015286]
[-0.0925986   0.13049535 -0.06913794]
[-0.09240243  0.1309747  -0.06986305]
[-0.09222378  0.10661641  0.07630692]
[-0.09201484  0.13080393 -0.06965064]
[-0.09109015  0.10663787  0.07853201]
[-0.09100784  0.10667659 -0.13232177]
[-0.08766748  0.07344614 -0.22579741]
[-0.08758952  0.07337055 -0.22595207]
[-0.0874193   0.10568661  0.08660671]
[-0.08727242  0.07307794 -0.22653015]
[-0.08694784  0.10437819  0.08865439]
[-0.08602213  0.10289152  0.09062285]
[-0.08595166  0.08511449  0.01108373]
[-0.07997745  0.10671051  0.07783142]
[-0.07979875  0.09600802  0.09795816]
[-0.07864538  0.09465544  0.09946332]
[-0.07832586  0.09437655  0.09969865]
[-0.07719859  0.0934848   0.10035411]
[-0.07524146  0.06461983 -0.23938325]
[-0.0738333   0.09070291  0.10253785]
[-0.07338872  0.06347425 -0.24082357]
[-0.07134197  0.06232142 -0.24202763]
[-0.07034805  0.08610699  0.10507623]
[-0.06839555  0.06455051 -0.24213048]
[-0.064266    0.07880397  0.10767034]
[-0.06188706  0.23166669 -0.34060443]
[-0.06172347  0.23942162 -0.34124341]
[-0.06164535  0.22847848 -0.34041886]
[-0.06073307  0.24280125 -0.34175129]
[-0.06038419  0.24408481 -0.34219605]
[-0.06021415  0.22108105 -0.34020553]
[-0.05889571  0.24899517 -0.34392609]
[-0.05853292  0.21657084 -0.34027731]
[-0.05813298  0.2156076  -0.34030284]
[-0.05761169  0.07082314  0.1104847 ]
[-0.05750428  0.07312741 -0.24563673]
[-0.05632027  0.25342629 -0.34571634]
[-0.056243    0.06931025  0.1107343 ]
[-0.05578428  0.20939325 -0.34150606]
[-0.05513631  0.07096206 -0.24694604]
[-0.05513388  0.06950699 -0.19552953]
[-0.05409709  0.25764586 -0.3473785 ]
[-0.05404323  0.25769476 -0.34740299]
[-0.05169722  0.20222893 -0.34347242]
[-0.05121637  0.06581919  0.11173018]
[-0.05100151  0.26045804 -0.34882695]
[-0.0475034   0.26388483 -0.35054077]
[-0.04612173  0.19143729 -0.34619043]
[-0.04401431  0.06080657 -0.25362154]
[-0.0428173   0.0597166  -0.25444709]
[-0.04277523  0.06113655  0.09601095]
[-0.04254321  0.18718995 -0.34784141]
[-0.04184997  0.26685165 -0.35252326]
[-0.04167239  0.05865211 -0.25445904]
[-0.04122438  0.05884408  0.11423358]
[-0.03976234  0.26781144 -0.35321377]
[-0.03920843  0.05634059 -0.25375506]
[-0.03908536  0.18301808 -0.34973253]
[-0.03733838  0.09112622 -0.07195456]
[-0.03727234  0.05612473  0.11464221]
[-0.03707114  0.26831903 -0.3538805 ]
[-0.03538943  0.25018014 -0.34864642]
[-0.03514413  0.26867224 -0.35446397]
[-0.03389213  0.1755033  -0.35275991]
[-0.03247373  0.0502656   0.11498243]
[-0.03186288  0.17371623 -0.35377065]
[-0.03116615  0.0488366  -0.25289874]
[-0.03039419  0.17241204 -0.35419836]
[-0.02942683  0.26972361 -0.35619612]
[-0.02724635  0.04389911  0.11552586]
[-0.02618141  0.26967787 -0.35697932]
[-0.02466674  0.03723811  0.11557943]
[-0.02402598  0.16670991 -0.3560528 ]
[-0.02287192  0.17798384 -0.35642321]
[-0.02231385  0.03137663  0.11486892]
[-0.02096611  0.16397007 -0.35694384]
[-0.01904227  0.26972196 -0.35874723]
[-0.01863285  0.02225599  0.11358206]
[-0.01790392  0.16229604 -0.35783853]
[-0.01565203  0.01475391  0.11295255]
[-0.01497089  0.02470315  0.07144022]
[-0.01490525  0.26927764 -0.35962543]
[-0.01101207  0.26892296 -0.36003929]
[-0.00888789  0.15738065 -0.35857357]
[-0.0085701   0.00849149  0.11259585]
[-0.00793163  0.26858596 -0.3603431 ]
[-0.00499262  0.15550083 -0.35887216]
[-0.00491821  0.02937121 -0.25073842]
[-0.00043483  0.00150218  0.11138194]
[ 0.00154211  0.02401762 -0.25013567]
[ 0.00199143  0.26650175 -0.36090249]
[ 0.00348314  0.15431824 -0.35929553]
[ 0.00361989  0.15428907 -0.35930315]
[ 0.00589611 -0.00621566  0.11008676]
[ 0.00726434  0.15373365 -0.36058578]
[ 0.0092154   0.26409541 -0.36093646]
[ 0.01177606 -0.01338465  0.10889113]
[ 0.01360501  0.26236275 -0.36084356]
[ 0.01449525  0.01742836 -0.00406646]
[ 0.01535226 -0.01771001  0.1078911 ]
[ 0.01563808  0.01284855 -0.24526339]
[ 0.01568597  0.26170377 -0.36013553]
[ 0.01678855  0.15418181 -0.36331835]
[ 0.01842965  0.01064792 -0.24422001]
[ 0.02101058  0.01132163 -0.2244428 ]
[ 0.02324739  0.1583297  -0.36391816]
[ 0.02340881 -0.0025216  -0.24035795]
[ 0.02381085 -0.00368413 -0.24028107]
[ 0.02498572  0.24539931 -0.35536674]
[ 0.02714119  0.2566204  -0.35606316]
[ 0.02730853  0.25651437 -0.35599986]
[ 0.02920268  0.25496864 -0.35626689]
[ 0.0312087   0.16155731 -0.3613839 ]
[ 0.03199816  0.25198317 -0.35664446]
[ 0.03335144 -0.02770493  0.10488424]
[ 0.03423498  0.25020205 -0.35696084]
[ 0.03481783  0.18736726 -0.3579479 ]
[ 0.03720495  0.16198236 -0.3596636 ]
[ 0.03934096  0.16408002 -0.36165346]
[ 0.03956164 -0.03124066  0.10398838]
[ 0.04101745  0.24441923 -0.35865508]
[ 0.04182208 -0.03502746  0.10331081]
[ 0.04187014  0.17002676 -0.36407302]
[ 0.04240709 -0.00780877 -0.2371738 ]
[ 0.04417408 -0.00936628 -0.23686802]
[ 0.04628806  0.23542349 -0.36022581]
[ 0.04629579 -0.00018191 -0.11494954]
[ 0.04683111  0.17846363 -0.36875984]
[ 0.04925262  0.23055199 -0.36092409]
[ 0.05030099  0.2290813  -0.36116943]
[ 0.05288545  0.184935   -0.37023464]
[ 0.05352678  0.18989235 -0.36884167]
[ 0.05493484 -0.05285031  0.09692251]
[ 0.05592411  0.20288434 -0.36436695]
[ 0.0563327   0.21597546 -0.36261039]
[ 0.0569145   0.20765663 -0.36279407]
[ 0.05881007 -0.02214825 -0.22711542]
[ 0.06538387 -0.06007645  0.0933725 ]
[ 0.06654429 -0.02672109 -0.22224302]
[ 0.0673799  -0.06154442  0.09276595]
[ 0.06853227 -0.06215369  0.09222108]
[ 0.0692497  -0.02733286 -0.22066602]
[ 0.07141704 -0.0242908   0.05866906]
[ 0.07664057 -0.06641005  0.08836227]
[ 0.08041829 -0.02999403 -0.21527202]
[ 0.08087241 -0.02771518 -0.19540878]
[ 0.0853779  -0.03363206 -0.21233676]
[ 0.08943953 -0.06521534  0.08508706]
[ 0.09105707 -0.03752165 -0.20690311]
[ 0.09241946 -0.03801137 -0.20571428]
[ 0.09749929 -0.06324479  0.08345809]
[ 0.10170099 -0.04100984 -0.19649466]
[ 0.10455061 -0.06115204  0.08109637]
[ 0.10662219 -0.06280438 -0.05900241]
[ 0.10704904 -0.06041686  0.08027564]
[ 0.10998498 -0.05833363  0.07621442]
[ 0.11049915 -0.05931496  0.07917456]
[ 0.11198653 -0.03655493 -0.18901599]
[ 0.11336388 -0.05994794  0.07768415]
[ 0.11430453 -0.05998088  0.07654416]
[ 0.11652133 -0.03600004 -0.18522258]
[ 0.11691068 -0.06007213  0.07338577]
[ 0.12215737 -0.05964865  0.02281608]
[ 0.12347973 -0.06149028  0.06428032]
[ 0.12355855 -0.0349663  -0.1790678 ]
[ 0.12407709 -0.0616212   0.06350694]
[ 0.12422983 -0.06164522  0.06304609]
[ 0.12967016 -0.06250875  0.04685366]
[ 0.129896   -0.06251308  0.04530471]
[ 0.13058956 -0.06248722  0.03945789]
[ 0.13111768 -0.07227858 -0.04094687]
[ 0.13124067 -0.06524906  0.01810312]
[ 0.13178553 -0.06706652  0.00154918]
[ 0.1317863  -0.06667382  0.00556348]
[ 0.1317999  -0.06696212  0.00240403]
[ 0.13181485 -0.06796678 -0.00525473]
[ 0.13200154 -0.06362239  0.02048611]
[ 0.13285117 -0.07048293 -0.05204702]
[ 0.13401021 -0.05973558  0.02623699]
[ 0.13666985 -0.06727881 -0.07272755]
[ 0.13670212 -0.06724318 -0.07294523]
[ 0.13832858 -0.01828735 -0.14362402]
[ 0.13842915 -0.03044336 -0.16243138]
[ 0.13883917 -0.03023821 -0.16184779]
[ 0.13889082 -0.06466618 -0.08600256]
[ 0.14050671 -0.06141747 -0.10123272]
[ 0.14296809 -0.0564893  -0.10933851]
[ 0.14433583 -0.05147129 -0.11622176]
[ 0.14540367 -0.02306966 -0.15468032]
[ 0.14784641 -0.0418035  -0.13053685]
[ 0.14811859 -0.03906681 -0.1337206 ]
[ 0.14893421 -0.02413204 -0.14807046]
[ 0.15094827 -0.026296   -0.14292415]
[ 0.15120091 -0.02486879 -0.14432756]
[ 0.15125648 -0.02537445 -0.14362493]
[ 0.15134642 -0.02490219 -0.1439601 ]
[ 0.22067687  0.17655684 -0.38055722]
[ 0.22074471  0.17614323 -0.38027178]
[ 0.22183434  0.16061655 -0.3827524 ]
[ 0.22202664  0.16514408 -0.38192734]
[ 0.22209228  0.18243065 -0.38426391]
[ 0.22301599  0.15666824 -0.3832028 ]
[ 0.22330823  0.18751896 -0.38747639]
[ 0.22466858  0.18941215 -0.38853921]
[ 0.22476659  0.18956119 -0.38862421]
[ 0.22627582  0.15160471 -0.38343252]
[ 0.23065804  0.19890465 -0.39086288]
[ 0.23409251  0.13918311 -0.38473215]
[ 0.23432704  0.13864379 -0.38480678]
[ 0.23452342  0.13829934 -0.38484636]
[ 0.23503642  0.13788009 -0.38484695]
[ 0.23534027  0.20223299 -0.3909825 ]
[ 0.23977013  0.2053456  -0.39108096]
[ 0.24352451  0.13179679 -0.3846742 ]
[ 0.24423518  0.20705903 -0.39060348]
[ 0.24692448  0.20804269 -0.38946907]
[ 0.24734949  0.20813197 -0.3892714 ]
[ 0.25086561  0.12629449 -0.38457636]
[ 0.25327692  0.12455423 -0.38392679]
[ 0.25411326  0.12391727 -0.38370714]
[ 0.25541905  0.2093193  -0.3853773 ]
[ 0.2589874   0.20912213 -0.38345468]
[ 0.26053428  0.17360542 -0.37277744]
[ 0.26687679  0.20849062 -0.37914956]
[ 0.27026559  0.2076302  -0.37713666]
[ 0.27095389  0.20746709 -0.37709724]
[ 0.27144189  0.11910626 -0.37773582]
[ 0.27267303  0.11875665 -0.3773129 ]
[ 0.27269329  0.11876055 -0.3773043 ]
[ 0.27293321  0.11880474 -0.37723024]
[ 0.28006699  0.20432156 -0.37644177]
[ 0.28149047  0.20351673 -0.37629696]
[ 0.28261856  0.12066824 -0.37422907]
[ 0.28839966  0.19871162 -0.37547248]
[ 0.28861551  0.12182262 -0.37237073]
[ 0.29222144  0.19500097 -0.37487395]
[ 0.29294474  0.19428425 -0.3746108 ]
[ 0.29482561  0.12632287 -0.36996698]
[ 0.29520839  0.12658755 -0.36967409]
[ 0.29628273  0.1910418  -0.37341315]
[ 0.29749951  0.19007587 -0.37303233]
[ 0.29851986  0.12904091 -0.36708633]
[ 0.29946206  0.18725391 -0.37209189]
[ 0.30413126  0.18091537 -0.36995131]
[ 0.30489736  0.13775027 -0.36078774]
[ 0.30494271  0.1798026  -0.36940519]
[ 0.30524955  0.13825795 -0.36068089]
[ 0.30599486  0.13920828 -0.36045662]
[ 0.30621275  0.13973086 -0.36038745]
[ 0.30651473  0.14090693 -0.36028494]
[ 0.30736048  0.17216408 -0.36606963]
[ 0.30928355  0.1671272  -0.36382704]
[ 0.30981904  0.15126865 -0.35920016]
[ 0.30984521  0.16310229 -0.36216283]
[ 0.31026066  0.15527858 -0.35901655]
[ 0.31027318  0.15491612 -0.35901835]